"stitching_id","target_start_yr","target_end_yr","archive_start_yr","archive_end_yr","file"
"ssp245~r11i1p1f1~1",1850,1858,1850,1858,"gs://cmip6/CMIP6/CMIP/CCCma/CanESM5/historical/r22i1p1f1/Amon/tas/gn/v20190429/"
"ssp245~r11i1p1f1~1",1859,1867,1895,1903,"gs://cmip6/CMIP6/CMIP/CCCma/CanESM5/historical/r21i1p1f1/Amon/tas/gn/v20190429/"
"ssp245~r11i1p1f1~1",1868,1876,1895,1903,"gs://cmip6/CMIP6/CMIP/CCCma/CanESM5/historical/r12i1p1f1/Amon/tas/gn/v20190429/"
"ssp245~r11i1p1f1~1",1877,1885,1877,1885,"gs://cmip6/CMIP6/CMIP/CCCma/CanESM5/historical/r4i1p1f1/Amon/tas/gn/v20190429/"
"ssp245~r11i1p1f1~1",1886,1894,1868,1876,"gs://cmip6/CMIP6/CMIP/CCCma/CanESM5/historical/r11i1p1f1/Amon/tas/gn/v20190429/"
"ssp245~r11i1p1f1~1",1895,1903,1859,1867,"gs://cmip6/CMIP6/CMIP/CCCma/CanESM5/historical/r25i1p1f1/Amon/tas/gn/v20190429/"
"ssp245~r11i1p1f1~1",1904,1912,1913,1921,"gs://cmip6/CMIP6/CMIP/CCCma/CanESM5/historical/r4i1p1f1/Amon/tas/gn/v20190429/"
"ssp245~r11i1p1f1~1",1913,1921,1859,1867,"gs://cmip6/CMIP6/CMIP/CCCma/CanESM5/historical/r20i1p1f1/Amon/tas/gn/v20190429/"
"ssp245~r11i1p1f1~1",1922,1930,1967,1975,"gs://cmip6/CMIP6/CMIP/CCCma/CanESM5/historical/r24i1p1f1/Amon/tas/gn/v20190429/"
"ssp245~r11i1p1f1~1",1931,1939,1931,1939,"gs://cmip6/CMIP6/CMIP/CCCma/CanESM5/historical/r16i1p1f1/Amon/tas/gn/v20190429/"
"ssp245~r11i1p1f1~1",1940,1948,1940,1948,"gs://cmip6/CMIP6/CMIP/CCCma/CanESM5/historical/r11i1p1f1/Amon/tas/gn/v20190429/"
"ssp245~r11i1p1f1~1",1949,1957,1931,1939,"gs://cmip6/CMIP6/CMIP/CCCma/CanESM5/historical/r6i1p1f1/Amon/tas/gn/v20190429/"
"ssp245~r11i1p1f1~1",1958,1966,1958,1966,"gs://cmip6/CMIP6/CMIP/CCCma/CanESM5/historical/r22i1p1f1/Amon/tas/gn/v20190429/"
"ssp245~r11i1p1f1~1",1967,1975,1967,1975,"gs://cmip6/CMIP6/CMIP/CCCma/CanESM5/historical/r6i1p1f1/Amon/tas/gn/v20190429/"
"ssp245~r11i1p1f1~1",1976,1984,1976,1984,"gs://cmip6/CMIP6/CMIP/CCCma/CanESM5/historical/r15i1p1f1/Amon/tas/gn/v20190429/"
"ssp245~r11i1p1f1~1",1985,1993,1985,1993,"gs://cmip6/CMIP6/CMIP/CCCma/CanESM5/historical/r16i1p1f1/Amon/tas/gn/v20190429/"
"ssp245~r11i1p1f1~1",1994,2002,1994,2002,"gs://cmip6/CMIP6/CMIP/CCCma/CanESM5/historical/r16i1p1f1/Amon/tas/gn/v20190429/"
"ssp245~r11i1p1f1~1",2003,2011,2003,2011,"gs://cmip6/CMIP6/CMIP/CCCma/CanESM5/historical/r17i1p1f1/Amon/tas/gn/v20190429/"
"ssp245~r11i1p1f1~1",2012,2014,2012,2014,"gs://cmip6/CMIP6/CMIP/CCCma/CanESM5/historical/r1i1p1f1/Amon/tas/gn/v20190429/"
"ssp245~r11i1p1f1~1",2015,2020,2015,2020,"gs://cmip6/CMIP6/ScenarioMIP/CCCma/CanESM5/ssp245/r1i1p1f1/Amon/tas/gn/v20190429/"
"ssp245~r11i1p1f1~1",2021,2029,2021,2029,"gs://cmip6/CMIP6/ScenarioMIP/CCCma/CanESM5/ssp370/r25i1p1f1/Amon/tas/gn/v20190429/"
"ssp245~r11i1p1f1~1",2030,2038,2030,2038,"gs://cmip6/CMIP6/ScenarioMIP/CCCma/CanESM5/ssp370/r6i1p1f1/Amon/tas/gn/v20190429/"
"ssp245~r11i1p1f1~1",2039,2047,2039,2047,"gs://cmip6/CMIP6/ScenarioMIP/CCCma/CanESM5/ssp245/r3i1p1f1/Amon/tas/gn/v20190429/"
"ssp245~r11i1p1f1~1",2048,2056,2048,2056,"gs://cmip6/CMIP6/ScenarioMIP/CCCma/CanESM5/ssp245/r8i1p1f1/Amon/tas/gn/v20190429/"
"ssp245~r11i1p1f1~1",2057,2065,2057,2065,"gs://cmip6/CMIP6/ScenarioMIP/CCCma/CanESM5/ssp245/r25i1p1f1/Amon/tas/gn/v20190429/"
"ssp245~r11i1p1f1~1",2066,2074,2066,2074,"gs://cmip6/CMIP6/ScenarioMIP/CCCma/CanESM5/ssp245/r16i1p1f1/Amon/tas/gn/v20190429/"
"ssp245~r11i1p1f1~1",2075,2083,2075,2083,"gs://cmip6/CMIP6/ScenarioMIP/CCCma/CanESM5/ssp245/r5i1p1f1/Amon/tas/gn/v20190429/"
"ssp245~r11i1p1f1~1",2084,2092,2092,2100,"gs://cmip6/CMIP6/ScenarioMIP/CCCma/CanESM5/ssp245/r19i1p1f1/Amon/tas/gn/v20190429/"
"ssp245~r11i1p1f1~1",2093,2100,2093,2100,"gs://cmip6/CMIP6/ScenarioMIP/CCCma/CanESM5/ssp245/r12i1p1f1/Amon/tas/gn/v20190429/"
"ssp245~r13i1p1f1~1",1850,1858,1850,1858,"gs://cmip6/CMIP6/CMIP/CCCma/CanESM5/historical/r23i1p1f1/Amon/tas/gn/v20190429/"
"ssp245~r13i1p1f1~1",1859,1867,1922,1930,"gs://cmip6/CMIP6/CMIP/CCCma/CanESM5/historical/r22i1p1f1/Amon/tas/gn/v20190429/"
"ssp245~r13i1p1f1~1",1868,1876,1868,1876,"gs://cmip6/CMIP6/CMIP/CCCma/CanESM5/historical/r22i1p1f1/Amon/tas/gn/v20190429/"
"ssp245~r13i1p1f1~1",1877,1885,1859,1867,"gs://cmip6/CMIP6/CMIP/CCCma/CanESM5/historical/r23i1p1f1/Amon/tas/gn/v20190429/"
"ssp245~r13i1p1f1~1",1886,1894,1850,1858,"gs://cmip6/CMIP6/CMIP/CCCma/CanESM5/historical/r16i1p1f1/Amon/tas/gn/v20190429/"
"ssp245~r13i1p1f1~1",1895,1903,1868,1876,"gs://cmip6/CMIP6/CMIP/CCCma/CanESM5/historical/r1i1p1f1/Amon/tas/gn/v20190429/"
"ssp245~r13i1p1f1~1",1904,1912,1850,1858,"gs://cmip6/CMIP6/CMIP/CCCma/CanESM5/historical/r4i1p1f1/Amon/tas/gn/v20190429/"
"ssp245~r13i1p1f1~1",1913,1921,1967,1975,"gs://cmip6/CMIP6/CMIP/CCCma/CanESM5/historical/r17i1p1f1/Amon/tas/gn/v20190429/"
"ssp245~r13i1p1f1~1",1922,1930,1895,1903,"gs://cmip6/CMIP6/CMIP/CCCma/CanESM5/historical/r13i1p1f1/Amon/tas/gn/v20190429/"
"ssp245~r13i1p1f1~1",1931,1939,1967,1975,"gs://cmip6/CMIP6/CMIP/CCCma/CanESM5/historical/r24i1p1f1/Amon/tas/gn/v20190429/"
"ssp245~r13i1p1f1~1",1940,1948,1949,1957,"gs://cmip6/CMIP6/CMIP/CCCma/CanESM5/historical/r12i1p1f1/Amon/tas/gn/v20190429/"
"ssp245~r13i1p1f1~1",1949,1957,1940,1948,"gs://cmip6/CMIP6/CMIP/CCCma/CanESM5/historical/r16i1p1f1/Amon/tas/gn/v20190429/"
"ssp245~r13i1p1f1~1",1958,1966,1958,1966,"gs://cmip6/CMIP6/CMIP/CCCma/CanESM5/historical/r4i1p1f1/Amon/tas/gn/v20190429/"
"ssp245~r13i1p1f1~1",1967,1975,1931,1939,"gs://cmip6/CMIP6/CMIP/CCCma/CanESM5/historical/r11i1p1f1/Amon/tas/gn/v20190429/"
"ssp245~r13i1p1f1~1",1976,1984,1976,1984,"gs://cmip6/CMIP6/CMIP/CCCma/CanESM5/historical/r23i1p1f1/Amon/tas/gn/v20190429/"
"ssp245~r13i1p1f1~1",1985,1993,1976,1984,"gs://cmip6/CMIP6/CMIP/CCCma/CanESM5/historical/r6i1p1f1/Amon/tas/gn/v20190429/"
"ssp245~r13i1p1f1~1",1994,2002,1994,2002,"gs://cmip6/CMIP6/CMIP/CCCma/CanESM5/historical/r24i1p1f1/Amon/tas/gn/v20190429/"
"ssp245~r13i1p1f1~1",2003,2011,2003,2011,"gs://cmip6/CMIP6/CMIP/CCCma/CanESM5/historical/r18i1p1f1/Amon/tas/gn/v20190429/"
"ssp245~r13i1p1f1~1",2012,2014,2012,2014,"gs://cmip6/CMIP6/CMIP/CCCma/CanESM5/historical/r6i1p1f1/Amon/tas/gn/v20190429/"
"ssp245~r13i1p1f1~1",2015,2020,2015,2020,"gs://cmip6/CMIP6/ScenarioMIP/CCCma/CanESM5/ssp245/r6i1p1f1/Amon/tas/gn/v20190429/"
"ssp245~r13i1p1f1~1",2021,2029,2021,2029,"gs://cmip6/CMIP6/ScenarioMIP/CCCma/CanESM5/ssp126/r20i1p1f1/Amon/tas/gn/v20190429/"
"ssp245~r13i1p1f1~1",2030,2038,2030,2038,"gs://cmip6/CMIP6/ScenarioMIP/CCCma/CanESM5/ssp126/r14i1p1f1/Amon/tas/gn/v20190429/"
"ssp245~r13i1p1f1~1",2039,2047,2030,2038,"gs://cmip6/CMIP6/ScenarioMIP/CCCma/CanESM5/ssp370/r2i1p1f1/Amon/tas/gn/v20190429/"
"ssp245~r13i1p1f1~1",2048,2056,2048,2056,"gs://cmip6/CMIP6/ScenarioMIP/CCCma/CanESM5/ssp245/r5i1p1f1/Amon/tas/gn/v20190429/"
"ssp245~r13i1p1f1~1",2057,2065,2057,2065,"gs://cmip6/CMIP6/ScenarioMIP/CCCma/CanESM5/ssp434/r1i1p1f1/Amon/tas/gn/v20190429/"
"ssp245~r13i1p1f1~1",2066,2074,2066,2074,"gs://cmip6/CMIP6/ScenarioMIP/CCCma/CanESM5/ssp245/r10i1p1f1/Amon/tas/gn/v20190429/"
"ssp245~r13i1p1f1~1",2075,2083,2075,2083,"gs://cmip6/CMIP6/ScenarioMIP/CCCma/CanESM5/ssp245/r15i1p1f1/Amon/tas/gn/v20190429/"
"ssp245~r13i1p1f1~1",2084,2092,2084,2092,"gs://cmip6/CMIP6/ScenarioMIP/CCCma/CanESM5/ssp245/r22i1p1f1/Amon/tas/gn/v20190429/"
"ssp245~r13i1p1f1~1",2093,2100,2084,2091,"gs://cmip6/CMIP6/ScenarioMIP/CCCma/CanESM5/ssp245/r9i1p1f1/Amon/tas/gn/v20190429/"
"ssp245~r13i1p1f1~2",1850,1858,1904,1912,"gs://cmip6/CMIP6/CMIP/CCCma/CanESM5/historical/r19i1p1f1/Amon/tas/gn/v20190429/"
"ssp245~r13i1p1f1~2",1859,1867,1895,1903,"gs://cmip6/CMIP6/CMIP/CCCma/CanESM5/historical/r4i1p1f1/Amon/tas/gn/v20190429/"
"ssp245~r13i1p1f1~2",1868,1876,1859,1867,"gs://cmip6/CMIP6/CMIP/CCCma/CanESM5/historical/r15i1p1f1/Amon/tas/gn/v20190429/"
"ssp245~r13i1p1f1~2",1877,1885,1877,1885,"gs://cmip6/CMIP6/CMIP/CCCma/CanESM5/historical/r12i1p1f1/Amon/tas/gn/v20190429/"
"ssp245~r13i1p1f1~2",1886,1894,1904,1912,"gs://cmip6/CMIP6/CMIP/CCCma/CanESM5/historical/r22i1p1f1/Amon/tas/gn/v20190429/"
"ssp245~r13i1p1f1~2",1895,1903,1850,1858,"gs://cmip6/CMIP6/CMIP/CCCma/CanESM5/historical/r3i1p1f1/Amon/tas/gn/v20190429/"
"ssp245~r13i1p1f1~2",1904,1912,1859,1867,"gs://cmip6/CMIP6/CMIP/CCCma/CanESM5/historical/r11i1p1f1/Amon/tas/gn/v20190429/"
"ssp245~r13i1p1f1~2",1913,1921,1967,1975,"gs://cmip6/CMIP6/CMIP/CCCma/CanESM5/historical/r25i1p1f1/Amon/tas/gn/v20190429/"
"ssp245~r13i1p1f1~2",1922,1930,1850,1858,"gs://cmip6/CMIP6/CMIP/CCCma/CanESM5/historical/r15i1p1f1/Amon/tas/gn/v20190429/"
"ssp245~r13i1p1f1~2",1931,1939,1904,1912,"gs://cmip6/CMIP6/CMIP/CCCma/CanESM5/historical/r6i1p1f1/Amon/tas/gn/v20190429/"
"ssp245~r13i1p1f1~2",1940,1948,1922,1930,"gs://cmip6/CMIP6/CMIP/CCCma/CanESM5/historical/r20i1p1f1/Amon/tas/gn/v20190429/"
"ssp245~r13i1p1f1~2",1949,1957,1976,1984,"gs://cmip6/CMIP6/CMIP/CCCma/CanESM5/historical/r9i1p1f1/Amon/tas/gn/v20190429/"
"ssp245~r13i1p1f1~2",1958,1966,1877,1885,"gs://cmip6/CMIP6/CMIP/CCCma/CanESM5/historical/r5i1p1f1/Amon/tas/gn/v20190429/"
"ssp245~r13i1p1f1~2",1967,1975,1913,1921,"gs://cmip6/CMIP6/CMIP/CCCma/CanESM5/historical/r16i1p1f1/Amon/tas/gn/v20190429/"
"ssp245~r13i1p1f1~2",1976,1984,1967,1975,"gs://cmip6/CMIP6/CMIP/CCCma/CanESM5/historical/r2i1p1f1/Amon/tas/gn/v20190429/"
"ssp245~r13i1p1f1~2",1985,1993,1976,1984,"gs://cmip6/CMIP6/CMIP/CCCma/CanESM5/historical/r3i1p1f1/Amon/tas/gn/v20190429/"
"ssp245~r13i1p1f1~2",1994,2002,1994,2002,"gs://cmip6/CMIP6/CMIP/CCCma/CanESM5/historical/r14i1p1f1/Amon/tas/gn/v20190429/"
"ssp245~r13i1p1f1~2",2003,2011,2003,2011,"gs://cmip6/CMIP6/CMIP/CCCma/CanESM5/historical/r7i1p1f1/Amon/tas/gn/v20190429/"
"ssp245~r13i1p1f1~2",2012,2014,2012,2014,"gs://cmip6/CMIP6/CMIP/CCCma/CanESM5/historical/r13i1p1f1/Amon/tas/gn/v20190429/"
"ssp245~r13i1p1f1~2",2015,2020,2015,2020,"gs://cmip6/CMIP6/ScenarioMIP/CCCma/CanESM5/ssp245/r13i1p1f1/Amon/tas/gn/v20190429/"
"ssp245~r13i1p1f1~2",2021,2029,2021,2029,"gs://cmip6/CMIP6/ScenarioMIP/CCCma/CanESM5/ssp126/r21i1p1f1/Amon/tas/gn/v20190429/"
"ssp245~r13i1p1f1~2",2030,2038,2030,2038,"gs://cmip6/CMIP6/ScenarioMIP/CCCma/CanESM5/ssp126/r25i1p1f1/Amon/tas/gn/v20190429/"
"ssp245~r13i1p1f1~2",2039,2047,2030,2038,"gs://cmip6/CMIP6/ScenarioMIP/CCCma/CanESM5/ssp585/r21i1p1f1/Amon/tas/gn/v20190429/"
"ssp245~r13i1p1f1~2",2048,2056,2048,2056,"gs://cmip6/CMIP6/ScenarioMIP/CCCma/CanESM5/ssp434/r2i1p1f1/Amon/tas/gn/v20190429/"
"ssp245~r13i1p1f1~2",2057,2065,2057,2065,"gs://cmip6/CMIP6/ScenarioMIP/CCCma/CanESM5/ssp245/r11i1p1f1/Amon/tas/gn/v20190429/"
"ssp245~r13i1p1f1~2",2066,2074,2066,2074,"gs://cmip6/CMIP6/ScenarioMIP/CCCma/CanESM5/ssp245/r17i1p1f1/Amon/tas/gn/v20190429/"
"ssp245~r13i1p1f1~2",2075,2083,2075,2083,"gs://cmip6/CMIP6/ScenarioMIP/CCCma/CanESM5/ssp245/r10i1p1f1/Amon/tas/gn/v20190429/"
"ssp245~r13i1p1f1~2",2084,2092,2075,2083,"gs://cmip6/CMIP6/ScenarioMIP/CCCma/CanESM5/ssp245/r3i1p1f1/Amon/tas/gn/v20190429/"
"ssp245~r13i1p1f1~2",2093,2100,2084,2091,"gs://cmip6/CMIP6/ScenarioMIP/CCCma/CanESM5/ssp245/r2i1p1f1/Amon/tas/gn/v20190429/"
"ssp245~r13i1p1f1~3",1850,1858,1886,1894,"gs://cmip6/CMIP6/CMIP/CCCma/CanESM5/historical/r5i1p1f1/Amon/tas/gn/v20190429/"
"ssp245~r13i1p1f1~3",1859,1867,1859,1867,"gs://cmip6/CMIP6/CMIP/CCCma/CanESM5/historical/r6i1p1f1/Amon/tas/gn/v20190429/"
"ssp245~r13i1p1f1~3",1868,1876,1877,1885,"gs://cmip6/CMIP6/CMIP/CCCma/CanESM5/historical/r18i1p1f1/Amon/tas/gn/v20190429/"
"ssp245~r13i1p1f1~3",1877,1885,1877,1885,"gs://cmip6/CMIP6/CMIP/CCCma/CanESM5/historical/r19i1p1f1/Amon/tas/gn/v20190429/"
"ssp245~r13i1p1f1~3",1886,1894,1868,1876,"gs://cmip6/CMIP6/CMIP/CCCma/CanESM5/historical/r8i1p1f1/Amon/tas/gn/v20190429/"
"ssp245~r13i1p1f1~3",1895,1903,1949,1957,"gs://cmip6/CMIP6/CMIP/CCCma/CanESM5/historical/r8i1p1f1/Amon/tas/gn/v20190429/"
"ssp245~r13i1p1f1~3",1904,1912,1859,1867,"gs://cmip6/CMIP6/CMIP/CCCma/CanESM5/historical/r15i1p1f1/Amon/tas/gn/v20190429/"
"ssp245~r13i1p1f1~3",1913,1921,1913,1921,"gs://cmip6/CMIP6/CMIP/CCCma/CanESM5/historical/r10i1p1f1/Amon/tas/gn/v20190429/"
"ssp245~r13i1p1f1~3",1922,1930,1958,1966,"gs://cmip6/CMIP6/CMIP/CCCma/CanESM5/historical/r8i1p1f1/Amon/tas/gn/v20190429/"
"ssp245~r13i1p1f1~3",1931,1939,1868,1876,"gs://cmip6/CMIP6/CMIP/CCCma/CanESM5/historical/r20i1p1f1/Amon/tas/gn/v20190429/"
"ssp245~r13i1p1f1~3",1940,1948,1940,1948,"gs://cmip6/CMIP6/CMIP/CCCma/CanESM5/historical/r13i1p1f1/Amon/tas/gn/v20190429/"
"ssp245~r13i1p1f1~3",1949,1957,1949,1957,"gs://cmip6/CMIP6/CMIP/CCCma/CanESM5/historical/r25i1p1f1/Amon/tas/gn/v20190429/"
"ssp245~r13i1p1f1~3",1958,1966,1958,1966,"gs://cmip6/CMIP6/CMIP/CCCma/CanESM5/historical/r6i1p1f1/Amon/tas/gn/v20190429/"
"ssp245~r13i1p1f1~3",1967,1975,1922,1930,"gs://cmip6/CMIP6/CMIP/CCCma/CanESM5/historical/r15i1p1f1/Amon/tas/gn/v20190429/"
"ssp245~r13i1p1f1~3",1976,1984,1967,1975,"gs://cmip6/CMIP6/CMIP/CCCma/CanESM5/historical/r11i1p1f1/Amon/tas/gn/v20190429/"
"ssp245~r13i1p1f1~3",1985,1993,1976,1984,"gs://cmip6/CMIP6/CMIP/CCCma/CanESM5/historical/r22i1p1f1/Amon/tas/gn/v20190429/"
"ssp245~r13i1p1f1~3",1994,2002,1994,2002,"gs://cmip6/CMIP6/CMIP/CCCma/CanESM5/historical/r22i1p1f1/Amon/tas/gn/v20190429/"
"ssp245~r13i1p1f1~3",2003,2011,2003,2011,"gs://cmip6/CMIP6/CMIP/CCCma/CanESM5/historical/r14i1p1f1/Amon/tas/gn/v20190429/"
"ssp245~r13i1p1f1~3",2012,2014,2012,2014,"gs://cmip6/CMIP6/CMIP/CCCma/CanESM5/historical/r13i1p1f1/Amon/tas/gn/v20190429/"
"ssp245~r13i1p1f1~3",2015,2020,2015,2020,"gs://cmip6/CMIP6/ScenarioMIP/CCCma/CanESM5/ssp119/r13i1p1f1/Amon/tas/gn/v20190429/"
"ssp245~r13i1p1f1~3",2021,2029,2021,2029,"gs://cmip6/CMIP6/ScenarioMIP/CCCma/CanESM5/ssp126/r2i1p1f1/Amon/tas/gn/v20190429/"
"ssp245~r13i1p1f1~3",2030,2038,2030,2038,"gs://cmip6/CMIP6/ScenarioMIP/CCCma/CanESM5/ssp119/r9i1p1f1/Amon/tas/gn/v20190429/"
"ssp245~r13i1p1f1~3",2039,2047,2030,2038,"gs://cmip6/CMIP6/ScenarioMIP/CCCma/CanESM5/ssp585/r20i1p1f1/Amon/tas/gn/v20190429/"
"ssp245~r13i1p1f1~3",2048,2056,2048,2056,"gs://cmip6/CMIP6/ScenarioMIP/CCCma/CanESM5/ssp245/r9i1p1f1/Amon/tas/gn/v20190429/"
"ssp245~r13i1p1f1~3",2057,2065,2057,2065,"gs://cmip6/CMIP6/ScenarioMIP/CCCma/CanESM5/ssp434/r3i1p1f1/Amon/tas/gn/v20190429/"
"ssp245~r13i1p1f1~3",2066,2074,2066,2074,"gs://cmip6/CMIP6/ScenarioMIP/CCCma/CanESM5/ssp245/r18i1p1f1/Amon/tas/gn/v20190429/"
"ssp245~r13i1p1f1~3",2075,2083,2075,2083,"gs://cmip6/CMIP6/ScenarioMIP/CCCma/CanESM5/ssp245/r17i1p1f1/Amon/tas/gn/v20190429/"
"ssp245~r13i1p1f1~3",2084,2092,2084,2092,"gs://cmip6/CMIP6/ScenarioMIP/CCCma/CanESM5/ssp245/r1i1p1f1/Amon/tas/gn/v20190429/"
"ssp245~r13i1p1f1~3",2093,2100,2084,2091,"gs://cmip6/CMIP6/ScenarioMIP/CCCma/CanESM5/ssp245/r20i1p1f1/Amon/tas/gn/v20190429/"
"ssp245~r13i1p1f1~4",1850,1858,1850,1858,"gs://cmip6/CMIP6/CMIP/CCCma/CanESM5/historical/r13i1p1f1/Amon/tas/gn/v20190429/"
"ssp245~r13i1p1f1~4",1859,1867,1895,1903,"gs://cmip6/CMIP6/CMIP/CCCma/CanESM5/historical/r10i1p1f1/Amon/tas/gn/v20190429/"
"ssp245~r13i1p1f1~4",1868,1876,1877,1885,"gs://cmip6/CMIP6/CMIP/CCCma/CanESM5/historical/r15i1p1f1/Amon/tas/gn/v20190429/"
"ssp245~r13i1p1f1~4",1877,1885,1859,1867,"gs://cmip6/CMIP6/CMIP/CCCma/CanESM5/historical/r8i1p1f1/Amon/tas/gn/v20190429/"
"ssp245~r13i1p1f1~4",1886,1894,1886,1894,"gs://cmip6/CMIP6/CMIP/CCCma/CanESM5/historical/r15i1p1f1/Amon/tas/gn/v20190429/"
"ssp245~r13i1p1f1~4",1895,1903,1850,1858,"gs://cmip6/CMIP6/CMIP/CCCma/CanESM5/historical/r5i1p1f1/Amon/tas/gn/v20190429/"
"ssp245~r13i1p1f1~4",1904,1912,1904,1912,"gs://cmip6/CMIP6/CMIP/CCCma/CanESM5/historical/r18i1p1f1/Amon/tas/gn/v20190429/"
"ssp245~r13i1p1f1~4",1913,1921,1913,1921,"gs://cmip6/CMIP6/CMIP/CCCma/CanESM5/historical/r9i1p1f1/Amon/tas/gn/v20190429/"
"ssp245~r13i1p1f1~4",1922,1930,1859,1867,"gs://cmip6/CMIP6/CMIP/CCCma/CanESM5/historical/r9i1p1f1/Amon/tas/gn/v20190429/"
"ssp245~r13i1p1f1~4",1931,1939,1967,1975,"gs://cmip6/CMIP6/CMIP/CCCma/CanESM5/historical/r4i1p1f1/Amon/tas/gn/v20190429/"
"ssp245~r13i1p1f1~4",1940,1948,1949,1957,"gs://cmip6/CMIP6/CMIP/CCCma/CanESM5/historical/r25i1p1f1/Amon/tas/gn/v20190429/"
"ssp245~r13i1p1f1~4",1949,1957,1949,1957,"gs://cmip6/CMIP6/CMIP/CCCma/CanESM5/historical/r13i1p1f1/Amon/tas/gn/v20190429/"
"ssp245~r13i1p1f1~4",1958,1966,1958,1966,"gs://cmip6/CMIP6/CMIP/CCCma/CanESM5/historical/r18i1p1f1/Amon/tas/gn/v20190429/"
"ssp245~r13i1p1f1~4",1967,1975,1913,1921,"gs://cmip6/CMIP6/CMIP/CCCma/CanESM5/historical/r6i1p1f1/Amon/tas/gn/v20190429/"
"ssp245~r13i1p1f1~4",1976,1984,1976,1984,"gs://cmip6/CMIP6/CMIP/CCCma/CanESM5/historical/r4i1p1f1/Amon/tas/gn/v20190429/"
"ssp245~r13i1p1f1~4",1985,1993,1976,1984,"gs://cmip6/CMIP6/CMIP/CCCma/CanESM5/historical/r21i1p1f1/Amon/tas/gn/v20190429/"
"ssp245~r13i1p1f1~4",1994,2002,1994,2002,"gs://cmip6/CMIP6/CMIP/CCCma/CanESM5/historical/r17i1p1f1/Amon/tas/gn/v20190429/"
"ssp245~r13i1p1f1~4",2003,2011,2003,2011,"gs://cmip6/CMIP6/CMIP/CCCma/CanESM5/historical/r22i1p1f1/Amon/tas/gn/v20190429/"
"ssp245~r13i1p1f1~4",2012,2014,2012,2014,"gs://cmip6/CMIP6/CMIP/CCCma/CanESM5/historical/r9i1p1f1/Amon/tas/gn/v20190429/"
"ssp245~r13i1p1f1~4",2015,2020,2015,2020,"gs://cmip6/CMIP6/ScenarioMIP/CCCma/CanESM5/ssp245/r9i1p1f1/Amon/tas/gn/v20190429/"
"ssp245~r13i1p1f1~4",2021,2029,2021,2029,"gs://cmip6/CMIP6/ScenarioMIP/CCCma/CanESM5/ssp370/r3i1p1f1/Amon/tas/gn/v20190429/"
"ssp245~r13i1p1f1~4",2030,2038,2030,2038,"gs://cmip6/CMIP6/ScenarioMIP/CCCma/CanESM5/ssp126/r15i1p1f1/Amon/tas/gn/v20190429/"
"ssp245~r13i1p1f1~4",2039,2047,2030,2038,"gs://cmip6/CMIP6/ScenarioMIP/CCCma/CanESM5/ssp370/r11i1p1f1/Amon/tas/gn/v20190429/"
"ssp245~r13i1p1f1~4",2048,2056,2048,2056,"gs://cmip6/CMIP6/ScenarioMIP/CCCma/CanESM5/ssp245/r2i1p1f1/Amon/tas/gn/v20190429/"
"ssp245~r13i1p1f1~4",2057,2065,2057,2065,"gs://cmip6/CMIP6/ScenarioMIP/CCCma/CanESM5/ssp245/r4i1p1f1/Amon/tas/gn/v20190429/"
"ssp245~r13i1p1f1~4",2066,2074,2066,2074,"gs://cmip6/CMIP6/ScenarioMIP/CCCma/CanESM5/ssp245/r8i1p1f1/Amon/tas/gn/v20190429/"
"ssp245~r13i1p1f1~4",2075,2083,2075,2083,"gs://cmip6/CMIP6/ScenarioMIP/CCCma/CanESM5/ssp245/r24i1p1f1/Amon/tas/gn/v20190429/"
"ssp245~r13i1p1f1~4",2084,2092,2084,2092,"gs://cmip6/CMIP6/ScenarioMIP/CCCma/CanESM5/ssp245/r24i1p1f1/Amon/tas/gn/v20190429/"
"ssp245~r13i1p1f1~4",2093,2100,2093,2100,"gs://cmip6/CMIP6/ScenarioMIP/CCCma/CanESM5/ssp245/r6i1p1f1/Amon/tas/gn/v20190429/"
"ssp245~r9i1p1f1~1",1850,1858,1859,1867,"gs://cmip6/CMIP6/CMIP/CCCma/CanESM5/historical/r5i1p1f1/Amon/tas/gn/v20190429/"
"ssp245~r9i1p1f1~1",1859,1867,1850,1858,"gs://cmip6/CMIP6/CMIP/CCCma/CanESM5/historical/r15i1p1f1/Amon/tas/gn/v20190429/"
"ssp245~r9i1p1f1~1",1868,1876,1859,1867,"gs://cmip6/CMIP6/CMIP/CCCma/CanESM5/historical/r24i1p1f1/Amon/tas/gn/v20190429/"
"ssp245~r9i1p1f1~1",1877,1885,1877,1885,"gs://cmip6/CMIP6/CMIP/CCCma/CanESM5/historical/r6i1p1f1/Amon/tas/gn/v20190429/"
"ssp245~r9i1p1f1~1",1886,1894,1850,1858,"gs://cmip6/CMIP6/CMIP/CCCma/CanESM5/historical/r13i1p1f1/Amon/tas/gn/v20190429/"
"ssp245~r9i1p1f1~1",1895,1903,1940,1948,"gs://cmip6/CMIP6/CMIP/CCCma/CanESM5/historical/r8i1p1f1/Amon/tas/gn/v20190429/"
"ssp245~r9i1p1f1~1",1904,1912,1931,1939,"gs://cmip6/CMIP6/CMIP/CCCma/CanESM5/historical/r24i1p1f1/Amon/tas/gn/v20190429/"
"ssp245~r9i1p1f1~1",1913,1921,1904,1912,"gs://cmip6/CMIP6/CMIP/CCCma/CanESM5/historical/r23i1p1f1/Amon/tas/gn/v20190429/"
"ssp245~r9i1p1f1~1",1922,1930,1931,1939,"gs://cmip6/CMIP6/CMIP/CCCma/CanESM5/historical/r20i1p1f1/Amon/tas/gn/v20190429/"
"ssp245~r9i1p1f1~1",1931,1939,1949,1957,"gs://cmip6/CMIP6/CMIP/CCCma/CanESM5/historical/r16i1p1f1/Amon/tas/gn/v20190429/"
"ssp245~r9i1p1f1~1",1940,1948,1967,1975,"gs://cmip6/CMIP6/CMIP/CCCma/CanESM5/historical/r20i1p1f1/Amon/tas/gn/v20190429/"
"ssp245~r9i1p1f1~1",1949,1957,1940,1948,"gs://cmip6/CMIP6/CMIP/CCCma/CanESM5/historical/r2i1p1f1/Amon/tas/gn/v20190429/"
"ssp245~r9i1p1f1~1",1958,1966,1949,1957,"gs://cmip6/CMIP6/CMIP/CCCma/CanESM5/historical/r21i1p1f1/Amon/tas/gn/v20190429/"
"ssp245~r9i1p1f1~1",1967,1975,1940,1948,"gs://cmip6/CMIP6/CMIP/CCCma/CanESM5/historical/r9i1p1f1/Amon/tas/gn/v20190429/"
"ssp245~r9i1p1f1~1",1976,1984,1940,1948,"gs://cmip6/CMIP6/CMIP/CCCma/CanESM5/historical/r1i1p1f1/Amon/tas/gn/v20190429/"
"ssp245~r9i1p1f1~1",1985,1993,1985,1993,"gs://cmip6/CMIP6/CMIP/CCCma/CanESM5/historical/r9i1p1f1/Amon/tas/gn/v20190429/"
"ssp245~r9i1p1f1~1",1994,2002,1994,2002,"gs://cmip6/CMIP6/CMIP/CCCma/CanESM5/historical/r18i1p1f1/Amon/tas/gn/v20190429/"
"ssp245~r9i1p1f1~1",2003,2011,2003,2011,"gs://cmip6/CMIP6/CMIP/CCCma/CanESM5/historical/r13i1p1f1/Amon/tas/gn/v20190429/"
"ssp245~r9i1p1f1~1",2012,2014,2012,2014,"gs://cmip6/CMIP6/CMIP/CCCma/CanESM5/historical/r9i1p1f1/Amon/tas/gn/v20190429/"
"ssp245~r9i1p1f1~1",2015,2020,2015,2020,"gs://cmip6/CMIP6/ScenarioMIP/CCCma/CanESM5/ssp126/r9i1p1f1/Amon/tas/gn/v20190429/"
"ssp245~r9i1p1f1~1",2021,2029,2021,2029,"gs://cmip6/CMIP6/ScenarioMIP/CCCma/CanESM5/ssp370/r20i1p1f1/Amon/tas/gn/v20190429/"
"ssp245~r9i1p1f1~1",2030,2038,2039,2047,"gs://cmip6/CMIP6/ScenarioMIP/CCCma/CanESM5/ssp126/r7i1p1f1/Amon/tas/gn/v20190429/"
"ssp245~r9i1p1f1~1",2039,2047,2039,2047,"gs://cmip6/CMIP6/ScenarioMIP/CCCma/CanESM5/ssp245/r11i1p1f1/Amon/tas/gn/v20190429/"
"ssp245~r9i1p1f1~1",2048,2056,2048,2056,"gs://cmip6/CMIP6/ScenarioMIP/CCCma/CanESM5/ssp245/r22i1p1f1/Amon/tas/gn/v20190429/"
"ssp245~r9i1p1f1~1",2057,2065,2057,2065,"gs://cmip6/CMIP6/ScenarioMIP/CCCma/CanESM5/ssp245/r16i1p1f1/Amon/tas/gn/v20190429/"
"ssp245~r9i1p1f1~1",2066,2074,2066,2074,"gs://cmip6/CMIP6/ScenarioMIP/CCCma/CanESM5/ssp245/r21i1p1f1/Amon/tas/gn/v20190429/"
"ssp245~r9i1p1f1~1",2075,2083,2075,2083,"gs://cmip6/CMIP6/ScenarioMIP/CCCma/CanESM5/ssp245/r13i1p1f1/Amon/tas/gn/v20190429/"
"ssp245~r9i1p1f1~1",2084,2092,2084,2092,"gs://cmip6/CMIP6/ScenarioMIP/CCCma/CanESM5/ssp245/r9i1p1f1/Amon/tas/gn/v20190429/"
"ssp245~r9i1p1f1~1",2093,2100,2093,2100,"gs://cmip6/CMIP6/ScenarioMIP/CCCma/CanESM5/ssp245/r23i1p1f1/Amon/tas/gn/v20190429/"
"ssp245~r2i1p1f1~1",1850,1858,1922,1930,"gs://cmip6/CMIP6/CMIP/CCCma/CanESM5/historical/r24i1p1f1/Amon/tas/gn/v20190429/"
"ssp245~r2i1p1f1~1",1859,1867,1949,1957,"gs://cmip6/CMIP6/CMIP/CCCma/CanESM5/historical/r23i1p1f1/Amon/tas/gn/v20190429/"
"ssp245~r2i1p1f1~1",1868,1876,1931,1939,"gs://cmip6/CMIP6/CMIP/CCCma/CanESM5/historical/r4i1p1f1/Amon/tas/gn/v20190429/"
"ssp245~r2i1p1f1~1",1877,1885,1877,1885,"gs://cmip6/CMIP6/CMIP/CCCma/CanESM5/historical/r2i1p1f1/Amon/tas/gn/v20190429/"
"ssp245~r2i1p1f1~1",1886,1894,1859,1867,"gs://cmip6/CMIP6/CMIP/CCCma/CanESM5/historical/r14i1p1f1/Amon/tas/gn/v20190429/"
"ssp245~r2i1p1f1~1",1895,1903,1922,1930,"gs://cmip6/CMIP6/CMIP/CCCma/CanESM5/historical/r13i1p1f1/Amon/tas/gn/v20190429/"
"ssp245~r2i1p1f1~1",1904,1912,1904,1912,"gs://cmip6/CMIP6/CMIP/CCCma/CanESM5/historical/r2i1p1f1/Amon/tas/gn/v20190429/"
"ssp245~r2i1p1f1~1",1913,1921,1868,1876,"gs://cmip6/CMIP6/CMIP/CCCma/CanESM5/historical/r20i1p1f1/Amon/tas/gn/v20190429/"
"ssp245~r2i1p1f1~1",1922,1930,1922,1930,"gs://cmip6/CMIP6/CMIP/CCCma/CanESM5/historical/r16i1p1f1/Amon/tas/gn/v20190429/"
"ssp245~r2i1p1f1~1",1931,1939,1922,1930,"gs://cmip6/CMIP6/CMIP/CCCma/CanESM5/historical/r6i1p1f1/Amon/tas/gn/v20190429/"
"ssp245~r2i1p1f1~1",1940,1948,1931,1939,"gs://cmip6/CMIP6/CMIP/CCCma/CanESM5/historical/r21i1p1f1/Amon/tas/gn/v20190429/"
"ssp245~r2i1p1f1~1",1949,1957,1949,1957,"gs://cmip6/CMIP6/CMIP/CCCma/CanESM5/historical/r2i1p1f1/Amon/tas/gn/v20190429/"
"ssp245~r2i1p1f1~1",1958,1966,1958,1966,"gs://cmip6/CMIP6/CMIP/CCCma/CanESM5/historical/r9i1p1f1/Amon/tas/gn/v20190429/"
"ssp245~r2i1p1f1~1",1967,1975,1967,1975,"gs://cmip6/CMIP6/CMIP/CCCma/CanESM5/historical/r2i1p1f1/Amon/tas/gn/v20190429/"
"ssp245~r2i1p1f1~1",1976,1984,1985,1993,"gs://cmip6/CMIP6/CMIP/CCCma/CanESM5/historical/r15i1p1f1/Amon/tas/gn/v20190429/"
"ssp245~r2i1p1f1~1",1985,1993,1985,1993,"gs://cmip6/CMIP6/CMIP/CCCma/CanESM5/historical/r11i1p1f1/Amon/tas/gn/v20190429/"
"ssp245~r2i1p1f1~1",1994,2002,1994,2002,"gs://cmip6/CMIP6/CMIP/CCCma/CanESM5/historical/r13i1p1f1/Amon/tas/gn/v20190429/"
"ssp245~r2i1p1f1~1",2003,2011,2003,2011,"gs://cmip6/CMIP6/CMIP/CCCma/CanESM5/historical/r21i1p1f1/Amon/tas/gn/v20190429/"
"ssp245~r2i1p1f1~1",2012,2014,2012,2014,"gs://cmip6/CMIP6/CMIP/CCCma/CanESM5/historical/r2i1p1f1/Amon/tas/gn/v20190429/"
"ssp245~r2i1p1f1~1",2015,2020,2015,2020,"gs://cmip6/CMIP6/ScenarioMIP/CCCma/CanESM5/ssp370/r2i1p1f1/Amon/tas/gn/v20190429/"
"ssp245~r2i1p1f1~1",2021,2029,2021,2029,"gs://cmip6/CMIP6/ScenarioMIP/CCCma/CanESM5/ssp370/r11i1p1f1/Amon/tas/gn/v20190429/"
"ssp245~r2i1p1f1~1",2030,2038,2030,2038,"gs://cmip6/CMIP6/ScenarioMIP/CCCma/CanESM5/ssp245/r19i1p1f1/Amon/tas/gn/v20190429/"
"ssp245~r2i1p1f1~1",2039,2047,2048,2056,"gs://cmip6/CMIP6/ScenarioMIP/CCCma/CanESM5/ssp434/r4i1p1f1/Amon/tas/gn/v20190429/"
"ssp245~r2i1p1f1~1",2048,2056,2057,2065,"gs://cmip6/CMIP6/ScenarioMIP/CCCma/CanESM5/ssp434/r4i1p1f1/Amon/tas/gn/v20190429/"
"ssp245~r2i1p1f1~1",2057,2065,2048,2056,"gs://cmip6/CMIP6/ScenarioMIP/CCCma/CanESM5/ssp370/r1i1p1f1/Amon/tas/gn/v20190429/"
"ssp245~r2i1p1f1~1",2066,2074,2075,2083,"gs://cmip6/CMIP6/ScenarioMIP/CCCma/CanESM5/ssp245/r4i1p1f1/Amon/tas/gn/v20190429/"
"ssp245~r2i1p1f1~1",2075,2083,2092,2100,"gs://cmip6/CMIP6/ScenarioMIP/CCCma/CanESM5/ssp245/r12i1p1f1/Amon/tas/gn/v20190429/"
"ssp245~r2i1p1f1~1",2084,2092,2092,2100,"gs://cmip6/CMIP6/ScenarioMIP/CCCma/CanESM5/ssp245/r24i1p1f1/Amon/tas/gn/v20190429/"
"ssp245~r2i1p1f1~1",2093,2100,2093,2100,"gs://cmip6/CMIP6/ScenarioMIP/CCCma/CanESM5/ssp245/r19i1p1f1/Amon/tas/gn/v20190429/"
"ssp245~r2i1p1f1~2",1850,1858,1922,1930,"gs://cmip6/CMIP6/CMIP/CCCma/CanESM5/historical/r1i1p1f1/Amon/tas/gn/v20190429/"
"ssp245~r2i1p1f1~2",1859,1867,1922,1930,"gs://cmip6/CMIP6/CMIP/CCCma/CanESM5/historical/r23i1p1f1/Amon/tas/gn/v20190429/"
"ssp245~r2i1p1f1~2",1868,1876,1922,1930,"gs://cmip6/CMIP6/CMIP/CCCma/CanESM5/historical/r5i1p1f1/Amon/tas/gn/v20190429/"
"ssp245~r2i1p1f1~2",1877,1885,1877,1885,"gs://cmip6/CMIP6/CMIP/CCCma/CanESM5/historical/r5i1p1f1/Amon/tas/gn/v20190429/"
"ssp245~r2i1p1f1~2",1886,1894,1886,1894,"gs://cmip6/CMIP6/CMIP/CCCma/CanESM5/historical/r9i1p1f1/Amon/tas/gn/v20190429/"
"ssp245~r2i1p1f1~2",1895,1903,1913,1921,"gs://cmip6/CMIP6/CMIP/CCCma/CanESM5/historical/r2i1p1f1/Amon/tas/gn/v20190429/"
"ssp245~r2i1p1f1~2",1904,1912,1913,1921,"gs://cmip6/CMIP6/CMIP/CCCma/CanESM5/historical/r15i1p1f1/Amon/tas/gn/v20190429/"
"ssp245~r2i1p1f1~2",1913,1921,1868,1876,"gs://cmip6/CMIP6/CMIP/CCCma/CanESM5/historical/r3i1p1f1/Amon/tas/gn/v20190429/"
"ssp245~r2i1p1f1~2",1922,1930,1931,1939,"gs://cmip6/CMIP6/CMIP/CCCma/CanESM5/historical/r21i1p1f1/Amon/tas/gn/v20190429/"
"ssp245~r2i1p1f1~2",1931,1939,1967,1975,"gs://cmip6/CMIP6/CMIP/CCCma/CanESM5/historical/r21i1p1f1/Amon/tas/gn/v20190429/"
"ssp245~r2i1p1f1~2",1940,1948,1949,1957,"gs://cmip6/CMIP6/CMIP/CCCma/CanESM5/historical/r10i1p1f1/Amon/tas/gn/v20190429/"
"ssp245~r2i1p1f1~2",1949,1957,1949,1957,"gs://cmip6/CMIP6/CMIP/CCCma/CanESM5/historical/r9i1p1f1/Amon/tas/gn/v20190429/"
"ssp245~r2i1p1f1~2",1958,1966,1958,1966,"gs://cmip6/CMIP6/CMIP/CCCma/CanESM5/historical/r5i1p1f1/Amon/tas/gn/v20190429/"
"ssp245~r2i1p1f1~2",1967,1975,1976,1984,"gs://cmip6/CMIP6/CMIP/CCCma/CanESM5/historical/r17i1p1f1/Amon/tas/gn/v20190429/"
"ssp245~r2i1p1f1~2",1976,1984,1976,1984,"gs://cmip6/CMIP6/CMIP/CCCma/CanESM5/historical/r2i1p1f1/Amon/tas/gn/v20190429/"
"ssp245~r2i1p1f1~2",1985,1993,1985,1993,"gs://cmip6/CMIP6/CMIP/CCCma/CanESM5/historical/r2i1p1f1/Amon/tas/gn/v20190429/"
"ssp245~r2i1p1f1~2",1994,2002,1994,2002,"gs://cmip6/CMIP6/CMIP/CCCma/CanESM5/historical/r20i1p1f1/Amon/tas/gn/v20190429/"
"ssp245~r2i1p1f1~2",2003,2011,2003,2011,"gs://cmip6/CMIP6/CMIP/CCCma/CanESM5/historical/r6i1p1f1/Amon/tas/gn/v20190429/"
"ssp245~r2i1p1f1~2",2012,2014,2012,2014,"gs://cmip6/CMIP6/CMIP/CCCma/CanESM5/historical/r2i1p1f1/Amon/tas/gn/v20190429/"
"ssp245~r2i1p1f1~2",2015,2020,2015,2020,"gs://cmip6/CMIP6/ScenarioMIP/CCCma/CanESM5/ssp245/r2i1p1f1/Amon/tas/gn/v20190429/"
"ssp245~r2i1p1f1~2",2021,2029,2021,2029,"gs://cmip6/CMIP6/ScenarioMIP/CCCma/CanESM5/ssp434/r4i1p1f1/Amon/tas/gn/v20190429/"
"ssp245~r2i1p1f1~2",2030,2038,2030,2038,"gs://cmip6/CMIP6/ScenarioMIP/CCCma/CanESM5/ssp370/r5i1p1f1/Amon/tas/gn/v20190429/"
"ssp245~r2i1p1f1~2",2039,2047,2039,2047,"gs://cmip6/CMIP6/ScenarioMIP/CCCma/CanESM5/ssp245/r2i1p1f1/Amon/tas/gn/v20190429/"
"ssp245~r2i1p1f1~2",2048,2056,2048,2056,"gs://cmip6/CMIP6/ScenarioMIP/CCCma/CanESM5/ssp245/r25i1p1f1/Amon/tas/gn/v20190429/"
"ssp245~r2i1p1f1~2",2057,2065,2048,2056,"gs://cmip6/CMIP6/ScenarioMIP/CCCma/CanESM5/ssp460/r2i1p1f1/Amon/tas/gn/v20190429/"
"ssp245~r2i1p1f1~2",2066,2074,2075,2083,"gs://cmip6/CMIP6/ScenarioMIP/CCCma/CanESM5/ssp245/r18i1p1f1/Amon/tas/gn/v20190429/"
"ssp245~r2i1p1f1~2",2075,2083,2092,2100,"gs://cmip6/CMIP6/ScenarioMIP/CCCma/CanESM5/ssp245/r17i1p1f1/Amon/tas/gn/v20190429/"
"ssp245~r2i1p1f1~2",2084,2092,2084,2092,"gs://cmip6/CMIP6/ScenarioMIP/CCCma/CanESM5/ssp245/r20i1p1f1/Amon/tas/gn/v20190429/"
"ssp245~r2i1p1f1~2",2093,2100,2093,2100,"gs://cmip6/CMIP6/ScenarioMIP/CCCma/CanESM5/ssp245/r11i1p1f1/Amon/tas/gn/v20190429/"
"ssp245~r2i1p1f1~3",1850,1858,1913,1921,"gs://cmip6/CMIP6/CMIP/CCCma/CanESM5/historical/r20i1p1f1/Amon/tas/gn/v20190429/"
"ssp245~r2i1p1f1~3",1859,1867,1904,1912,"gs://cmip6/CMIP6/CMIP/CCCma/CanESM5/historical/r16i1p1f1/Amon/tas/gn/v20190429/"
"ssp245~r2i1p1f1~3",1868,1876,1922,1930,"gs://cmip6/CMIP6/CMIP/CCCma/CanESM5/historical/r7i1p1f1/Amon/tas/gn/v20190429/"
"ssp245~r2i1p1f1~3",1877,1885,1877,1885,"gs://cmip6/CMIP6/CMIP/CCCma/CanESM5/historical/r9i1p1f1/Amon/tas/gn/v20190429/"
"ssp245~r2i1p1f1~3",1886,1894,1868,1876,"gs://cmip6/CMIP6/CMIP/CCCma/CanESM5/historical/r12i1p1f1/Amon/tas/gn/v20190429/"
"ssp245~r2i1p1f1~3",1895,1903,1949,1957,"gs://cmip6/CMIP6/CMIP/CCCma/CanESM5/historical/r18i1p1f1/Amon/tas/gn/v20190429/"
"ssp245~r2i1p1f1~3",1904,1912,1868,1876,"gs://cmip6/CMIP6/CMIP/CCCma/CanESM5/historical/r1i1p1f1/Amon/tas/gn/v20190429/"
"ssp245~r2i1p1f1~3",1913,1921,1922,1930,"gs://cmip6/CMIP6/CMIP/CCCma/CanESM5/historical/r4i1p1f1/Amon/tas/gn/v20190429/"
"ssp245~r2i1p1f1~3",1922,1930,1922,1930,"gs://cmip6/CMIP6/CMIP/CCCma/CanESM5/historical/r2i1p1f1/Amon/tas/gn/v20190429/"
"ssp245~r2i1p1f1~3",1931,1939,1967,1975,"gs://cmip6/CMIP6/CMIP/CCCma/CanESM5/historical/r18i1p1f1/Amon/tas/gn/v20190429/"
"ssp245~r2i1p1f1~3",1940,1948,1931,1939,"gs://cmip6/CMIP6/CMIP/CCCma/CanESM5/historical/r9i1p1f1/Amon/tas/gn/v20190429/"
"ssp245~r2i1p1f1~3",1949,1957,1985,1993,"gs://cmip6/CMIP6/CMIP/CCCma/CanESM5/historical/r13i1p1f1/Amon/tas/gn/v20190429/"
"ssp245~r2i1p1f1~3",1958,1966,1958,1966,"gs://cmip6/CMIP6/CMIP/CCCma/CanESM5/historical/r14i1p1f1/Amon/tas/gn/v20190429/"
"ssp245~r2i1p1f1~3",1967,1975,1976,1984,"gs://cmip6/CMIP6/CMIP/CCCma/CanESM5/historical/r3i1p1f1/Amon/tas/gn/v20190429/"
"ssp245~r2i1p1f1~3",1976,1984,1985,1993,"gs://cmip6/CMIP6/CMIP/CCCma/CanESM5/historical/r19i1p1f1/Amon/tas/gn/v20190429/"
"ssp245~r2i1p1f1~3",1985,1993,1985,1993,"gs://cmip6/CMIP6/CMIP/CCCma/CanESM5/historical/r3i1p1f1/Amon/tas/gn/v20190429/"
"ssp245~r2i1p1f1~3",1994,2002,1994,2002,"gs://cmip6/CMIP6/CMIP/CCCma/CanESM5/historical/r8i1p1f1/Amon/tas/gn/v20190429/"
"ssp245~r2i1p1f1~3",2003,2011,2003,2011,"gs://cmip6/CMIP6/CMIP/CCCma/CanESM5/historical/r5i1p1f1/Amon/tas/gn/v20190429/"
"ssp245~r2i1p1f1~3",2012,2014,2012,2014,"gs://cmip6/CMIP6/CMIP/CCCma/CanESM5/historical/r15i1p1f1/Amon/tas/gn/v20190429/"
"ssp245~r2i1p1f1~3",2015,2020,2015,2020,"gs://cmip6/CMIP6/ScenarioMIP/CCCma/CanESM5/ssp119/r15i1p1f1/Amon/tas/gn/v20190429/"
"ssp245~r2i1p1f1~3",2021,2029,2021,2029,"gs://cmip6/CMIP6/ScenarioMIP/CCCma/CanESM5/ssp585/r3i1p1f1/Amon/tas/gn/v20190429/"
"ssp245~r2i1p1f1~3",2030,2038,2030,2038,"gs://cmip6/CMIP6/ScenarioMIP/CCCma/CanESM5/ssp370/r1i1p1f1/Amon/tas/gn/v20190429/"
"ssp245~r2i1p1f1~3",2039,2047,2039,2047,"gs://cmip6/CMIP6/ScenarioMIP/CCCma/CanESM5/ssp434/r2i1p1f1/Amon/tas/gn/v20190429/"
"ssp245~r2i1p1f1~3",2048,2056,2048,2056,"gs://cmip6/CMIP6/ScenarioMIP/CCCma/CanESM5/ssp245/r13i1p1f1/Amon/tas/gn/v20190429/"
"ssp245~r2i1p1f1~3",2057,2065,2048,2056,"gs://cmip6/CMIP6/ScenarioMIP/CCCma/CanESM5/ssp370/r19i1p1f1/Amon/tas/gn/v20190429/"
"ssp245~r2i1p1f1~3",2066,2074,2075,2083,"gs://cmip6/CMIP6/ScenarioMIP/CCCma/CanESM5/ssp245/r24i1p1f1/Amon/tas/gn/v20190429/"
"ssp245~r2i1p1f1~3",2075,2083,2092,2100,"gs://cmip6/CMIP6/ScenarioMIP/CCCma/CanESM5/ssp245/r4i1p1f1/Amon/tas/gn/v20190429/"
"ssp245~r2i1p1f1~3",2084,2092,2092,2100,"gs://cmip6/CMIP6/ScenarioMIP/CCCma/CanESM5/ssp245/r1i1p1f1/Amon/tas/gn/v20190429/"
"ssp245~r2i1p1f1~3",2093,2100,2093,2100,"gs://cmip6/CMIP6/ScenarioMIP/CCCma/CanESM5/ssp245/r16i1p1f1/Amon/tas/gn/v20190429/"
"ssp245~r2i1p1f1~4",1850,1858,1913,1921,"gs://cmip6/CMIP6/CMIP/CCCma/CanESM5/historical/r4i1p1f1/Amon/tas/gn/v20190429/"
"ssp245~r2i1p1f1~4",1859,1867,1922,1930,"gs://cmip6/CMIP6/CMIP/CCCma/CanESM5/historical/r10i1p1f1/Amon/tas/gn/v20190429/"
"ssp245~r2i1p1f1~4",1868,1876,1940,1948,"gs://cmip6/CMIP6/CMIP/CCCma/CanESM5/historical/r17i1p1f1/Amon/tas/gn/v20190429/"
"ssp245~r2i1p1f1~4",1877,1885,1958,1966,"gs://cmip6/CMIP6/CMIP/CCCma/CanESM5/historical/r13i1p1f1/Amon/tas/gn/v20190429/"
"ssp245~r2i1p1f1~4",1886,1894,1859,1867,"gs://cmip6/CMIP6/CMIP/CCCma/CanESM5/historical/r20i1p1f1/Amon/tas/gn/v20190429/"
"ssp245~r2i1p1f1~4",1895,1903,1859,1867,"gs://cmip6/CMIP6/CMIP/CCCma/CanESM5/historical/r24i1p1f1/Amon/tas/gn/v20190429/"
"ssp245~r2i1p1f1~4",1904,1912,1931,1939,"gs://cmip6/CMIP6/CMIP/CCCma/CanESM5/historical/r4i1p1f1/Amon/tas/gn/v20190429/"
"ssp245~r2i1p1f1~4",1913,1921,1913,1921,"gs://cmip6/CMIP6/CMIP/CCCma/CanESM5/historical/r2i1p1f1/Amon/tas/gn/v20190429/"
"ssp245~r2i1p1f1~4",1922,1930,1922,1930,"gs://cmip6/CMIP6/CMIP/CCCma/CanESM5/historical/r21i1p1f1/Amon/tas/gn/v20190429/"
"ssp245~r2i1p1f1~4",1931,1939,1940,1948,"gs://cmip6/CMIP6/CMIP/CCCma/CanESM5/historical/r15i1p1f1/Amon/tas/gn/v20190429/"
"ssp245~r2i1p1f1~4",1940,1948,1949,1957,"gs://cmip6/CMIP6/CMIP/CCCma/CanESM5/historical/r9i1p1f1/Amon/tas/gn/v20190429/"
"ssp245~r2i1p1f1~4",1949,1957,1976,1984,"gs://cmip6/CMIP6/CMIP/CCCma/CanESM5/historical/r22i1p1f1/Amon/tas/gn/v20190429/"
"ssp245~r2i1p1f1~4",1958,1966,1958,1966,"gs://cmip6/CMIP6/CMIP/CCCma/CanESM5/historical/r16i1p1f1/Amon/tas/gn/v20190429/"
"ssp245~r2i1p1f1~4",1967,1975,1985,1993,"gs://cmip6/CMIP6/CMIP/CCCma/CanESM5/historical/r10i1p1f1/Amon/tas/gn/v20190429/"
"ssp245~r2i1p1f1~4",1976,1984,1985,1993,"gs://cmip6/CMIP6/CMIP/CCCma/CanESM5/historical/r4i1p1f1/Amon/tas/gn/v20190429/"
"ssp245~r2i1p1f1~4",1985,1993,1985,1993,"gs://cmip6/CMIP6/CMIP/CCCma/CanESM5/historical/r5i1p1f1/Amon/tas/gn/v20190429/"
"ssp245~r2i1p1f1~4",1994,2002,1994,2002,"gs://cmip6/CMIP6/CMIP/CCCma/CanESM5/historical/r9i1p1f1/Amon/tas/gn/v20190429/"
"ssp245~r2i1p1f1~4",2003,2011,2003,2011,"gs://cmip6/CMIP6/CMIP/CCCma/CanESM5/historical/r4i1p1f1/Amon/tas/gn/v20190429/"
"ssp245~r2i1p1f1~4",2012,2014,2012,2014,"gs://cmip6/CMIP6/CMIP/CCCma/CanESM5/historical/r21i1p1f1/Amon/tas/gn/v20190429/"
"ssp245~r2i1p1f1~4",2015,2020,2015,2020,"gs://cmip6/CMIP6/ScenarioMIP/CCCma/CanESM5/ssp126/r21i1p1f1/Amon/tas/gn/v20190429/"
"ssp245~r2i1p1f1~4",2021,2029,2021,2029,"gs://cmip6/CMIP6/ScenarioMIP/CCCma/CanESM5/ssp370/r8i1p1f1/Amon/tas/gn/v20190429/"
"ssp245~r2i1p1f1~4",2030,2038,2030,2038,"gs://cmip6/CMIP6/ScenarioMIP/CCCma/CanESM5/ssp585/r12i1p1f1/Amon/tas/gn/v20190429/"
"ssp245~r2i1p1f1~4",2039,2047,2048,2056,"gs://cmip6/CMIP6/ScenarioMIP/CCCma/CanESM5/ssp245/r10i1p1f1/Amon/tas/gn/v20190429/"
"ssp245~r2i1p1f1~4",2048,2056,2048,2056,"gs://cmip6/CMIP6/ScenarioMIP/CCCma/CanESM5/ssp245/r16i1p1f1/Amon/tas/gn/v20190429/"
"ssp245~r2i1p1f1~4",2057,2065,2048,2056,"gs://cmip6/CMIP6/ScenarioMIP/CCCma/CanESM5/ssp370/r16i1p1f1/Amon/tas/gn/v20190429/"
"ssp245~r2i1p1f1~4",2066,2074,2066,2074,"gs://cmip6/CMIP6/ScenarioMIP/CCCma/CanESM5/ssp245/r11i1p1f1/Amon/tas/gn/v20190429/"
"ssp245~r2i1p1f1~4",2075,2083,2084,2092,"gs://cmip6/CMIP6/ScenarioMIP/CCCma/CanESM5/ssp245/r18i1p1f1/Amon/tas/gn/v20190429/"
"ssp245~r2i1p1f1~4",2084,2092,2092,2100,"gs://cmip6/CMIP6/ScenarioMIP/CCCma/CanESM5/ssp245/r7i1p1f1/Amon/tas/gn/v20190429/"
"ssp245~r2i1p1f1~4",2093,2100,2093,2100,"gs://cmip6/CMIP6/ScenarioMIP/CCCma/CanESM5/ssp245/r2i1p1f1/Amon/tas/gn/v20190429/"
"ssp245~r2i1p1f1~5",1850,1858,1940,1948,"gs://cmip6/CMIP6/CMIP/CCCma/CanESM5/historical/r16i1p1f1/Amon/tas/gn/v20190429/"
"ssp245~r2i1p1f1~5",1859,1867,1922,1930,"gs://cmip6/CMIP6/CMIP/CCCma/CanESM5/historical/r7i1p1f1/Amon/tas/gn/v20190429/"
"ssp245~r2i1p1f1~5",1868,1876,1913,1921,"gs://cmip6/CMIP6/CMIP/CCCma/CanESM5/historical/r2i1p1f1/Amon/tas/gn/v20190429/"
"ssp245~r2i1p1f1~5",1877,1885,1877,1885,"gs://cmip6/CMIP6/CMIP/CCCma/CanESM5/historical/r3i1p1f1/Amon/tas/gn/v20190429/"
"ssp245~r2i1p1f1~5",1886,1894,1868,1876,"gs://cmip6/CMIP6/CMIP/CCCma/CanESM5/historical/r18i1p1f1/Amon/tas/gn/v20190429/"
"ssp245~r2i1p1f1~5",1895,1903,1931,1939,"gs://cmip6/CMIP6/CMIP/CCCma/CanESM5/historical/r14i1p1f1/Amon/tas/gn/v20190429/"
"ssp245~r2i1p1f1~5",1904,1912,1967,1975,"gs://cmip6/CMIP6/CMIP/CCCma/CanESM5/historical/r14i1p1f1/Amon/tas/gn/v20190429/"
"ssp245~r2i1p1f1~5",1913,1921,1913,1921,"gs://cmip6/CMIP6/CMIP/CCCma/CanESM5/historical/r5i1p1f1/Amon/tas/gn/v20190429/"
"ssp245~r2i1p1f1~5",1922,1930,1949,1957,"gs://cmip6/CMIP6/CMIP/CCCma/CanESM5/historical/r4i1p1f1/Amon/tas/gn/v20190429/"
"ssp245~r2i1p1f1~5",1931,1939,1967,1975,"gs://cmip6/CMIP6/CMIP/CCCma/CanESM5/historical/r6i1p1f1/Amon/tas/gn/v20190429/"
"ssp245~r2i1p1f1~5",1940,1948,1949,1957,"gs://cmip6/CMIP6/CMIP/CCCma/CanESM5/historical/r22i1p1f1/Amon/tas/gn/v20190429/"
"ssp245~r2i1p1f1~5",1949,1957,1976,1984,"gs://cmip6/CMIP6/CMIP/CCCma/CanESM5/historical/r2i1p1f1/Amon/tas/gn/v20190429/"
"ssp245~r2i1p1f1~5",1958,1966,1958,1966,"gs://cmip6/CMIP6/CMIP/CCCma/CanESM5/historical/r12i1p1f1/Amon/tas/gn/v20190429/"
"ssp245~r2i1p1f1~5",1967,1975,1976,1984,"gs://cmip6/CMIP6/CMIP/CCCma/CanESM5/historical/r16i1p1f1/Amon/tas/gn/v20190429/"
"ssp245~r2i1p1f1~5",1976,1984,1976,1984,"gs://cmip6/CMIP6/CMIP/CCCma/CanESM5/historical/r22i1p1f1/Amon/tas/gn/v20190429/"
"ssp245~r2i1p1f1~5",1985,1993,1985,1993,"gs://cmip6/CMIP6/CMIP/CCCma/CanESM5/historical/r6i1p1f1/Amon/tas/gn/v20190429/"
"ssp245~r2i1p1f1~5",1994,2002,1994,2002,"gs://cmip6/CMIP6/CMIP/CCCma/CanESM5/historical/r11i1p1f1/Amon/tas/gn/v20190429/"
"ssp245~r2i1p1f1~5",2003,2011,2003,2011,"gs://cmip6/CMIP6/CMIP/CCCma/CanESM5/historical/r8i1p1f1/Amon/tas/gn/v20190429/"
"ssp245~r2i1p1f1~5",2012,2014,2012,2014,"gs://cmip6/CMIP6/CMIP/CCCma/CanESM5/historical/r16i1p1f1/Amon/tas/gn/v20190429/"
"ssp245~r2i1p1f1~5",2015,2020,2015,2020,"gs://cmip6/CMIP6/ScenarioMIP/CCCma/CanESM5/ssp370/r16i1p1f1/Amon/tas/gn/v20190429/"
"ssp245~r2i1p1f1~5",2021,2029,2021,2029,"gs://cmip6/CMIP6/ScenarioMIP/CCCma/CanESM5/ssp434/r5i1p1f1/Amon/tas/gn/v20190429/"
"ssp245~r2i1p1f1~5",2030,2038,2030,2038,"gs://cmip6/CMIP6/ScenarioMIP/CCCma/CanESM5/ssp370/r13i1p1f1/Amon/tas/gn/v20190429/"
"ssp245~r2i1p1f1~5",2039,2047,2048,2056,"gs://cmip6/CMIP6/ScenarioMIP/CCCma/CanESM5/ssp434/r3i1p1f1/Amon/tas/gn/v20190429/"
"ssp245~r2i1p1f1~5",2048,2056,2048,2056,"gs://cmip6/CMIP6/ScenarioMIP/CCCma/CanESM5/ssp245/r15i1p1f1/Amon/tas/gn/v20190429/"
"ssp245~r2i1p1f1~5",2057,2065,2048,2056,"gs://cmip6/CMIP6/ScenarioMIP/CCCma/CanESM5/ssp370/r21i1p1f1/Amon/tas/gn/v20190429/"
"ssp245~r2i1p1f1~5",2066,2074,2075,2083,"gs://cmip6/CMIP6/ScenarioMIP/CCCma/CanESM5/ssp245/r12i1p1f1/Amon/tas/gn/v20190429/"
"ssp245~r2i1p1f1~5",2075,2083,2075,2083,"gs://cmip6/CMIP6/ScenarioMIP/CCCma/CanESM5/ssp245/r2i1p1f1/Amon/tas/gn/v20190429/"
"ssp245~r2i1p1f1~5",2084,2092,2092,2100,"gs://cmip6/CMIP6/ScenarioMIP/CCCma/CanESM5/ssp245/r10i1p1f1/Amon/tas/gn/v20190429/"
"ssp245~r2i1p1f1~5",2093,2100,2093,2100,"gs://cmip6/CMIP6/ScenarioMIP/CCCma/CanESM5/ssp245/r22i1p1f1/Amon/tas/gn/v20190429/"
"ssp245~r4i1p1f1~1",1850,1858,1868,1876,"gs://cmip6/CMIP6/CMIP/CCCma/CanESM5/historical/r15i1p1f1/Amon/tas/gn/v20190429/"
"ssp245~r4i1p1f1~1",1859,1867,1886,1894,"gs://cmip6/CMIP6/CMIP/CCCma/CanESM5/historical/r24i1p1f1/Amon/tas/gn/v20190429/"
"ssp245~r4i1p1f1~1",1868,1876,1868,1876,"gs://cmip6/CMIP6/CMIP/CCCma/CanESM5/historical/r12i1p1f1/Amon/tas/gn/v20190429/"
"ssp245~r4i1p1f1~1",1877,1885,1868,1876,"gs://cmip6/CMIP6/CMIP/CCCma/CanESM5/historical/r24i1p1f1/Amon/tas/gn/v20190429/"
"ssp245~r4i1p1f1~1",1886,1894,1886,1894,"gs://cmip6/CMIP6/CMIP/CCCma/CanESM5/historical/r18i1p1f1/Amon/tas/gn/v20190429/"
"ssp245~r4i1p1f1~1",1895,1903,1895,1903,"gs://cmip6/CMIP6/CMIP/CCCma/CanESM5/historical/r14i1p1f1/Amon/tas/gn/v20190429/"
"ssp245~r4i1p1f1~1",1904,1912,1904,1912,"gs://cmip6/CMIP6/CMIP/CCCma/CanESM5/historical/r7i1p1f1/Amon/tas/gn/v20190429/"
"ssp245~r4i1p1f1~1",1913,1921,1913,1921,"gs://cmip6/CMIP6/CMIP/CCCma/CanESM5/historical/r4i1p1f1/Amon/tas/gn/v20190429/"
"ssp245~r4i1p1f1~1",1922,1930,1913,1921,"gs://cmip6/CMIP6/CMIP/CCCma/CanESM5/historical/r15i1p1f1/Amon/tas/gn/v20190429/"
"ssp245~r4i1p1f1~1",1931,1939,1922,1930,"gs://cmip6/CMIP6/CMIP/CCCma/CanESM5/historical/r11i1p1f1/Amon/tas/gn/v20190429/"
"ssp245~r4i1p1f1~1",1940,1948,1967,1975,"gs://cmip6/CMIP6/CMIP/CCCma/CanESM5/historical/r19i1p1f1/Amon/tas/gn/v20190429/"
"ssp245~r4i1p1f1~1",1949,1957,1940,1948,"gs://cmip6/CMIP6/CMIP/CCCma/CanESM5/historical/r19i1p1f1/Amon/tas/gn/v20190429/"
"ssp245~r4i1p1f1~1",1958,1966,1958,1966,"gs://cmip6/CMIP6/CMIP/CCCma/CanESM5/historical/r20i1p1f1/Amon/tas/gn/v20190429/"
"ssp245~r4i1p1f1~1",1967,1975,1931,1939,"gs://cmip6/CMIP6/CMIP/CCCma/CanESM5/historical/r8i1p1f1/Amon/tas/gn/v20190429/"
"ssp245~r4i1p1f1~1",1976,1984,1967,1975,"gs://cmip6/CMIP6/CMIP/CCCma/CanESM5/historical/r3i1p1f1/Amon/tas/gn/v20190429/"
"ssp245~r4i1p1f1~1",1985,1993,1985,1993,"gs://cmip6/CMIP6/CMIP/CCCma/CanESM5/historical/r15i1p1f1/Amon/tas/gn/v20190429/"
"ssp245~r4i1p1f1~1",1994,2002,1994,2002,"gs://cmip6/CMIP6/CMIP/CCCma/CanESM5/historical/r10i1p1f1/Amon/tas/gn/v20190429/"
"ssp245~r4i1p1f1~1",2003,2011,2003,2011,"gs://cmip6/CMIP6/CMIP/CCCma/CanESM5/historical/r23i1p1f1/Amon/tas/gn/v20190429/"
"ssp245~r4i1p1f1~1",2012,2014,2012,2014,"gs://cmip6/CMIP6/CMIP/CCCma/CanESM5/historical/r14i1p1f1/Amon/tas/gn/v20190429/"
"ssp245~r4i1p1f1~1",2015,2020,2015,2020,"gs://cmip6/CMIP6/ScenarioMIP/CCCma/CanESM5/ssp126/r14i1p1f1/Amon/tas/gn/v20190429/"
"ssp245~r4i1p1f1~1",2021,2029,2021,2029,"gs://cmip6/CMIP6/ScenarioMIP/CCCma/CanESM5/ssp119/r21i1p1f1/Amon/tas/gn/v20190429/"
"ssp245~r4i1p1f1~1",2030,2038,2030,2038,"gs://cmip6/CMIP6/ScenarioMIP/CCCma/CanESM5/ssp126/r23i1p1f1/Amon/tas/gn/v20190429/"
"ssp245~r4i1p1f1~1",2039,2047,2039,2047,"gs://cmip6/CMIP6/ScenarioMIP/CCCma/CanESM5/ssp126/r2i1p1f1/Amon/tas/gn/v20190429/"
"ssp245~r4i1p1f1~1",2048,2056,2039,2047,"gs://cmip6/CMIP6/ScenarioMIP/CCCma/CanESM5/ssp370/r9i1p1f1/Amon/tas/gn/v20190429/"
"ssp245~r4i1p1f1~1",2057,2065,2057,2065,"gs://cmip6/CMIP6/ScenarioMIP/CCCma/CanESM5/ssp245/r13i1p1f1/Amon/tas/gn/v20190429/"
"ssp245~r4i1p1f1~1",2066,2074,2066,2074,"gs://cmip6/CMIP6/ScenarioMIP/CCCma/CanESM5/ssp245/r1i1p1f1/Amon/tas/gn/v20190429/"
"ssp245~r4i1p1f1~1",2075,2083,2066,2074,"gs://cmip6/CMIP6/ScenarioMIP/CCCma/CanESM5/ssp245/r9i1p1f1/Amon/tas/gn/v20190429/"
"ssp245~r4i1p1f1~1",2084,2092,2075,2083,"gs://cmip6/CMIP6/ScenarioMIP/CCCma/CanESM5/ssp245/r22i1p1f1/Amon/tas/gn/v20190429/"
"ssp245~r4i1p1f1~1",2093,2100,2093,2100,"gs://cmip6/CMIP6/ScenarioMIP/CCCma/CanESM5/ssp245/r24i1p1f1/Amon/tas/gn/v20190429/"
"ssp245~r4i1p1f1~2",1850,1858,1850,1858,"gs://cmip6/CMIP6/CMIP/CCCma/CanESM5/historical/r4i1p1f1/Amon/tas/gn/v20190429/"
"ssp245~r4i1p1f1~2",1859,1867,1886,1894,"gs://cmip6/CMIP6/CMIP/CCCma/CanESM5/historical/r12i1p1f1/Amon/tas/gn/v20190429/"
"ssp245~r4i1p1f1~2",1868,1876,1895,1903,"gs://cmip6/CMIP6/CMIP/CCCma/CanESM5/historical/r20i1p1f1/Amon/tas/gn/v20190429/"
"ssp245~r4i1p1f1~2",1877,1885,1868,1876,"gs://cmip6/CMIP6/CMIP/CCCma/CanESM5/historical/r4i1p1f1/Amon/tas/gn/v20190429/"
"ssp245~r4i1p1f1~2",1886,1894,1859,1867,"gs://cmip6/CMIP6/CMIP/CCCma/CanESM5/historical/r3i1p1f1/Amon/tas/gn/v20190429/"
"ssp245~r4i1p1f1~2",1895,1903,1868,1876,"gs://cmip6/CMIP6/CMIP/CCCma/CanESM5/historical/r13i1p1f1/Amon/tas/gn/v20190429/"
"ssp245~r4i1p1f1~2",1904,1912,1868,1876,"gs://cmip6/CMIP6/CMIP/CCCma/CanESM5/historical/r25i1p1f1/Amon/tas/gn/v20190429/"
"ssp245~r4i1p1f1~2",1913,1921,1967,1975,"gs://cmip6/CMIP6/CMIP/CCCma/CanESM5/historical/r8i1p1f1/Amon/tas/gn/v20190429/"
"ssp245~r4i1p1f1~2",1922,1930,1949,1957,"gs://cmip6/CMIP6/CMIP/CCCma/CanESM5/historical/r8i1p1f1/Amon/tas/gn/v20190429/"
"ssp245~r4i1p1f1~2",1931,1939,1895,1903,"gs://cmip6/CMIP6/CMIP/CCCma/CanESM5/historical/r16i1p1f1/Amon/tas/gn/v20190429/"
"ssp245~r4i1p1f1~2",1940,1948,1967,1975,"gs://cmip6/CMIP6/CMIP/CCCma/CanESM5/historical/r10i1p1f1/Amon/tas/gn/v20190429/"
"ssp245~r4i1p1f1~2",1949,1957,1940,1948,"gs://cmip6/CMIP6/CMIP/CCCma/CanESM5/historical/r20i1p1f1/Amon/tas/gn/v20190429/"
"ssp245~r4i1p1f1~2",1958,1966,1958,1966,"gs://cmip6/CMIP6/CMIP/CCCma/CanESM5/historical/r2i1p1f1/Amon/tas/gn/v20190429/"
"ssp245~r4i1p1f1~2",1967,1975,1967,1975,"gs://cmip6/CMIP6/CMIP/CCCma/CanESM5/historical/r19i1p1f1/Amon/tas/gn/v20190429/"
"ssp245~r4i1p1f1~2",1976,1984,1967,1975,"gs://cmip6/CMIP6/CMIP/CCCma/CanESM5/historical/r9i1p1f1/Amon/tas/gn/v20190429/"
"ssp245~r4i1p1f1~2",1985,1993,1985,1993,"gs://cmip6/CMIP6/CMIP/CCCma/CanESM5/historical/r23i1p1f1/Amon/tas/gn/v20190429/"
"ssp245~r4i1p1f1~2",1994,2002,1994,2002,"gs://cmip6/CMIP6/CMIP/CCCma/CanESM5/historical/r19i1p1f1/Amon/tas/gn/v20190429/"
"ssp245~r4i1p1f1~2",2003,2011,2003,2011,"gs://cmip6/CMIP6/CMIP/CCCma/CanESM5/historical/r11i1p1f1/Amon/tas/gn/v20190429/"
"ssp245~r4i1p1f1~2",2012,2014,2012,2014,"gs://cmip6/CMIP6/CMIP/CCCma/CanESM5/historical/r14i1p1f1/Amon/tas/gn/v20190429/"
"ssp245~r4i1p1f1~2",2015,2020,2015,2020,"gs://cmip6/CMIP6/ScenarioMIP/CCCma/CanESM5/ssp119/r14i1p1f1/Amon/tas/gn/v20190429/"
"ssp245~r4i1p1f1~2",2021,2029,2021,2029,"gs://cmip6/CMIP6/ScenarioMIP/CCCma/CanESM5/ssp119/r14i1p1f1/Amon/tas/gn/v20190429/"
"ssp245~r4i1p1f1~2",2030,2038,2030,2038,"gs://cmip6/CMIP6/ScenarioMIP/CCCma/CanESM5/ssp245/r23i1p1f1/Amon/tas/gn/v20190429/"
"ssp245~r4i1p1f1~2",2039,2047,2048,2056,"gs://cmip6/CMIP6/ScenarioMIP/CCCma/CanESM5/ssp126/r1i1p1f1/Amon/tas/gn/v20190429/"
"ssp245~r4i1p1f1~2",2048,2056,2039,2047,"gs://cmip6/CMIP6/ScenarioMIP/CCCma/CanESM5/ssp370/r10i1p1f1/Amon/tas/gn/v20190429/"
"ssp245~r4i1p1f1~2",2057,2065,2057,2065,"gs://cmip6/CMIP6/ScenarioMIP/CCCma/CanESM5/ssp245/r1i1p1f1/Amon/tas/gn/v20190429/"
"ssp245~r4i1p1f1~2",2066,2074,2066,2074,"gs://cmip6/CMIP6/ScenarioMIP/CCCma/CanESM5/ssp245/r5i1p1f1/Amon/tas/gn/v20190429/"
"ssp245~r4i1p1f1~2",2075,2083,2075,2083,"gs://cmip6/CMIP6/ScenarioMIP/CCCma/CanESM5/ssp245/r4i1p1f1/Amon/tas/gn/v20190429/"
"ssp245~r4i1p1f1~2",2084,2092,2075,2083,"gs://cmip6/CMIP6/ScenarioMIP/CCCma/CanESM5/ssp245/r25i1p1f1/Amon/tas/gn/v20190429/"
"ssp245~r4i1p1f1~2",2093,2100,2084,2091,"gs://cmip6/CMIP6/ScenarioMIP/CCCma/CanESM5/ssp245/r25i1p1f1/Amon/tas/gn/v20190429/"
"ssp245~r4i1p1f1~3",1850,1858,1904,1912,"gs://cmip6/CMIP6/CMIP/CCCma/CanESM5/historical/r18i1p1f1/Amon/tas/gn/v20190429/"
"ssp245~r4i1p1f1~3",1859,1867,1859,1867,"gs://cmip6/CMIP6/CMIP/CCCma/CanESM5/historical/r4i1p1f1/Amon/tas/gn/v20190429/"
"ssp245~r4i1p1f1~3",1868,1876,1886,1894,"gs://cmip6/CMIP6/CMIP/CCCma/CanESM5/historical/r10i1p1f1/Amon/tas/gn/v20190429/"
"ssp245~r4i1p1f1~3",1877,1885,1868,1876,"gs://cmip6/CMIP6/CMIP/CCCma/CanESM5/historical/r19i1p1f1/Amon/tas/gn/v20190429/"
"ssp245~r4i1p1f1~3",1886,1894,1850,1858,"gs://cmip6/CMIP6/CMIP/CCCma/CanESM5/historical/r14i1p1f1/Amon/tas/gn/v20190429/"
"ssp245~r4i1p1f1~3",1895,1903,1859,1867,"gs://cmip6/CMIP6/CMIP/CCCma/CanESM5/historical/r15i1p1f1/Amon/tas/gn/v20190429/"
"ssp245~r4i1p1f1~3",1904,1912,1904,1912,"gs://cmip6/CMIP6/CMIP/CCCma/CanESM5/historical/r11i1p1f1/Amon/tas/gn/v20190429/"
"ssp245~r4i1p1f1~3",1913,1921,1931,1939,"gs://cmip6/CMIP6/CMIP/CCCma/CanESM5/historical/r8i1p1f1/Amon/tas/gn/v20190429/"
"ssp245~r4i1p1f1~3",1922,1930,1895,1903,"gs://cmip6/CMIP6/CMIP/CCCma/CanESM5/historical/r10i1p1f1/Amon/tas/gn/v20190429/"
"ssp245~r4i1p1f1~3",1931,1939,1931,1939,"gs://cmip6/CMIP6/CMIP/CCCma/CanESM5/historical/r4i1p1f1/Amon/tas/gn/v20190429/"
"ssp245~r4i1p1f1~3",1940,1948,1922,1930,"gs://cmip6/CMIP6/CMIP/CCCma/CanESM5/historical/r14i1p1f1/Amon/tas/gn/v20190429/"
"ssp245~r4i1p1f1~3",1949,1957,1949,1957,"gs://cmip6/CMIP6/CMIP/CCCma/CanESM5/historical/r21i1p1f1/Amon/tas/gn/v20190429/"
"ssp245~r4i1p1f1~3",1958,1966,1958,1966,"gs://cmip6/CMIP6/CMIP/CCCma/CanESM5/historical/r3i1p1f1/Amon/tas/gn/v20190429/"
"ssp245~r4i1p1f1~3",1967,1975,1931,1939,"gs://cmip6/CMIP6/CMIP/CCCma/CanESM5/historical/r13i1p1f1/Amon/tas/gn/v20190429/"
"ssp245~r4i1p1f1~3",1976,1984,1940,1948,"gs://cmip6/CMIP6/CMIP/CCCma/CanESM5/historical/r15i1p1f1/Amon/tas/gn/v20190429/"
"ssp245~r4i1p1f1~3",1985,1993,1985,1993,"gs://cmip6/CMIP6/CMIP/CCCma/CanESM5/historical/r14i1p1f1/Amon/tas/gn/v20190429/"
"ssp245~r4i1p1f1~3",1994,2002,1994,2002,"gs://cmip6/CMIP6/CMIP/CCCma/CanESM5/historical/r4i1p1f1/Amon/tas/gn/v20190429/"
"ssp245~r4i1p1f1~3",2003,2011,2003,2011,"gs://cmip6/CMIP6/CMIP/CCCma/CanESM5/historical/r25i1p1f1/Amon/tas/gn/v20190429/"
"ssp245~r4i1p1f1~3",2012,2014,2012,2014,"gs://cmip6/CMIP6/CMIP/CCCma/CanESM5/historical/r11i1p1f1/Amon/tas/gn/v20190429/"
"ssp245~r4i1p1f1~3",2015,2020,2015,2020,"gs://cmip6/CMIP6/ScenarioMIP/CCCma/CanESM5/ssp370/r11i1p1f1/Amon/tas/gn/v20190429/"
"ssp245~r4i1p1f1~3",2021,2029,2021,2029,"gs://cmip6/CMIP6/ScenarioMIP/CCCma/CanESM5/ssp126/r9i1p1f1/Amon/tas/gn/v20190429/"
"ssp245~r4i1p1f1~3",2030,2038,2039,2047,"gs://cmip6/CMIP6/ScenarioMIP/CCCma/CanESM5/ssp126/r8i1p1f1/Amon/tas/gn/v20190429/"
"ssp245~r4i1p1f1~3",2039,2047,2039,2047,"gs://cmip6/CMIP6/ScenarioMIP/CCCma/CanESM5/ssp126/r5i1p1f1/Amon/tas/gn/v20190429/"
"ssp245~r4i1p1f1~3",2048,2056,2039,2047,"gs://cmip6/CMIP6/ScenarioMIP/CCCma/CanESM5/ssp460/r5i1p1f1/Amon/tas/gn/v20190429/"
"ssp245~r4i1p1f1~3",2057,2065,2066,2074,"gs://cmip6/CMIP6/ScenarioMIP/CCCma/CanESM5/ssp434/r5i1p1f1/Amon/tas/gn/v20190429/"
"ssp245~r4i1p1f1~3",2066,2074,2066,2074,"gs://cmip6/CMIP6/ScenarioMIP/CCCma/CanESM5/ssp245/r6i1p1f1/Amon/tas/gn/v20190429/"
"ssp245~r4i1p1f1~3",2075,2083,2066,2074,"gs://cmip6/CMIP6/ScenarioMIP/CCCma/CanESM5/ssp245/r15i1p1f1/Amon/tas/gn/v20190429/"
"ssp245~r4i1p1f1~3",2084,2092,2084,2092,"gs://cmip6/CMIP6/ScenarioMIP/CCCma/CanESM5/ssp245/r7i1p1f1/Amon/tas/gn/v20190429/"
"ssp245~r4i1p1f1~3",2093,2100,2093,2100,"gs://cmip6/CMIP6/ScenarioMIP/CCCma/CanESM5/ssp245/r17i1p1f1/Amon/tas/gn/v20190429/"
"ssp245~r4i1p1f1~4",1850,1858,1859,1867,"gs://cmip6/CMIP6/CMIP/CCCma/CanESM5/historical/r8i1p1f1/Amon/tas/gn/v20190429/"
"ssp245~r4i1p1f1~4",1859,1867,1886,1894,"gs://cmip6/CMIP6/CMIP/CCCma/CanESM5/historical/r22i1p1f1/Amon/tas/gn/v20190429/"
"ssp245~r4i1p1f1~4",1868,1876,1868,1876,"gs://cmip6/CMIP6/CMIP/CCCma/CanESM5/historical/r13i1p1f1/Amon/tas/gn/v20190429/"
"ssp245~r4i1p1f1~4",1877,1885,1886,1894,"gs://cmip6/CMIP6/CMIP/CCCma/CanESM5/historical/r21i1p1f1/Amon/tas/gn/v20190429/"
"ssp245~r4i1p1f1~4",1886,1894,1886,1894,"gs://cmip6/CMIP6/CMIP/CCCma/CanESM5/historical/r11i1p1f1/Amon/tas/gn/v20190429/"
"ssp245~r4i1p1f1~4",1895,1903,1868,1876,"gs://cmip6/CMIP6/CMIP/CCCma/CanESM5/historical/r25i1p1f1/Amon/tas/gn/v20190429/"
"ssp245~r4i1p1f1~4",1904,1912,1868,1876,"gs://cmip6/CMIP6/CMIP/CCCma/CanESM5/historical/r10i1p1f1/Amon/tas/gn/v20190429/"
"ssp245~r4i1p1f1~4",1913,1921,1859,1867,"gs://cmip6/CMIP6/CMIP/CCCma/CanESM5/historical/r24i1p1f1/Amon/tas/gn/v20190429/"
"ssp245~r4i1p1f1~4",1922,1930,1940,1948,"gs://cmip6/CMIP6/CMIP/CCCma/CanESM5/historical/r18i1p1f1/Amon/tas/gn/v20190429/"
"ssp245~r4i1p1f1~4",1931,1939,1913,1921,"gs://cmip6/CMIP6/CMIP/CCCma/CanESM5/historical/r15i1p1f1/Amon/tas/gn/v20190429/"
"ssp245~r4i1p1f1~4",1940,1948,1940,1948,"gs://cmip6/CMIP6/CMIP/CCCma/CanESM5/historical/r23i1p1f1/Amon/tas/gn/v20190429/"
"ssp245~r4i1p1f1~4",1949,1957,1958,1966,"gs://cmip6/CMIP6/CMIP/CCCma/CanESM5/historical/r22i1p1f1/Amon/tas/gn/v20190429/"
"ssp245~r4i1p1f1~4",1958,1966,1958,1966,"gs://cmip6/CMIP6/CMIP/CCCma/CanESM5/historical/r7i1p1f1/Amon/tas/gn/v20190429/"
"ssp245~r4i1p1f1~4",1967,1975,1922,1930,"gs://cmip6/CMIP6/CMIP/CCCma/CanESM5/historical/r24i1p1f1/Amon/tas/gn/v20190429/"
"ssp245~r4i1p1f1~4",1976,1984,1976,1984,"gs://cmip6/CMIP6/CMIP/CCCma/CanESM5/historical/r19i1p1f1/Amon/tas/gn/v20190429/"
"ssp245~r4i1p1f1~4",1985,1993,1985,1993,"gs://cmip6/CMIP6/CMIP/CCCma/CanESM5/historical/r7i1p1f1/Amon/tas/gn/v20190429/"
"ssp245~r4i1p1f1~4",1994,2002,1994,2002,"gs://cmip6/CMIP6/CMIP/CCCma/CanESM5/historical/r15i1p1f1/Amon/tas/gn/v20190429/"
"ssp245~r4i1p1f1~4",2003,2011,2003,2011,"gs://cmip6/CMIP6/CMIP/CCCma/CanESM5/historical/r18i1p1f1/Amon/tas/gn/v20190429/"
"ssp245~r4i1p1f1~4",2012,2014,2012,2014,"gs://cmip6/CMIP6/CMIP/CCCma/CanESM5/historical/r4i1p1f1/Amon/tas/gn/v20190429/"
"ssp245~r4i1p1f1~4",2015,2020,2015,2020,"gs://cmip6/CMIP6/ScenarioMIP/CCCma/CanESM5/ssp585/r4i1p1f1/Amon/tas/gn/v20190429/"
"ssp245~r4i1p1f1~4",2021,2029,2021,2029,"gs://cmip6/CMIP6/ScenarioMIP/CCCma/CanESM5/ssp126/r10i1p1f1/Amon/tas/gn/v20190429/"
"ssp245~r4i1p1f1~4",2030,2038,2030,2038,"gs://cmip6/CMIP6/ScenarioMIP/CCCma/CanESM5/ssp245/r20i1p1f1/Amon/tas/gn/v20190429/"
"ssp245~r4i1p1f1~4",2039,2047,2039,2047,"gs://cmip6/CMIP6/ScenarioMIP/CCCma/CanESM5/ssp245/r1i1p1f1/Amon/tas/gn/v20190429/"
"ssp245~r4i1p1f1~4",2048,2056,2039,2047,"gs://cmip6/CMIP6/ScenarioMIP/CCCma/CanESM5/ssp370/r2i1p1f1/Amon/tas/gn/v20190429/"
"ssp245~r4i1p1f1~4",2057,2065,2057,2065,"gs://cmip6/CMIP6/ScenarioMIP/CCCma/CanESM5/ssp245/r6i1p1f1/Amon/tas/gn/v20190429/"
"ssp245~r4i1p1f1~4",2066,2074,2066,2074,"gs://cmip6/CMIP6/ScenarioMIP/CCCma/CanESM5/ssp434/r5i1p1f1/Amon/tas/gn/v20190429/"
"ssp245~r4i1p1f1~4",2075,2083,2066,2074,"gs://cmip6/CMIP6/ScenarioMIP/CCCma/CanESM5/ssp245/r3i1p1f1/Amon/tas/gn/v20190429/"
"ssp245~r4i1p1f1~4",2084,2092,2084,2092,"gs://cmip6/CMIP6/ScenarioMIP/CCCma/CanESM5/ssp245/r12i1p1f1/Amon/tas/gn/v20190429/"
"ssp245~r4i1p1f1~4",2093,2100,2084,2091,"gs://cmip6/CMIP6/ScenarioMIP/CCCma/CanESM5/ssp245/r7i1p1f1/Amon/tas/gn/v20190429/"
"ssp245~r25i1p1f1~1",1850,1858,1877,1885,"gs://cmip6/CMIP6/CMIP/CCCma/CanESM5/historical/r10i1p1f1/Amon/tas/gn/v20190429/"
"ssp245~r25i1p1f1~1",1859,1867,1868,1876,"gs://cmip6/CMIP6/CMIP/CCCma/CanESM5/historical/r24i1p1f1/Amon/tas/gn/v20190429/"
"ssp245~r25i1p1f1~1",1868,1876,1895,1903,"gs://cmip6/CMIP6/CMIP/CCCma/CanESM5/historical/r24i1p1f1/Amon/tas/gn/v20190429/"
"ssp245~r25i1p1f1~1",1877,1885,1895,1903,"gs://cmip6/CMIP6/CMIP/CCCma/CanESM5/historical/r19i1p1f1/Amon/tas/gn/v20190429/"
"ssp245~r25i1p1f1~1",1886,1894,1850,1858,"gs://cmip6/CMIP6/CMIP/CCCma/CanESM5/historical/r21i1p1f1/Amon/tas/gn/v20190429/"
"ssp245~r25i1p1f1~1",1895,1903,1913,1921,"gs://cmip6/CMIP6/CMIP/CCCma/CanESM5/historical/r15i1p1f1/Amon/tas/gn/v20190429/"
"ssp245~r25i1p1f1~1",1904,1912,1904,1912,"gs://cmip6/CMIP6/CMIP/CCCma/CanESM5/historical/r25i1p1f1/Amon/tas/gn/v20190429/"
"ssp245~r25i1p1f1~1",1913,1921,1931,1939,"gs://cmip6/CMIP6/CMIP/CCCma/CanESM5/historical/r7i1p1f1/Amon/tas/gn/v20190429/"
"ssp245~r25i1p1f1~1",1922,1930,1949,1957,"gs://cmip6/CMIP6/CMIP/CCCma/CanESM5/historical/r22i1p1f1/Amon/tas/gn/v20190429/"
"ssp245~r25i1p1f1~1",1931,1939,1940,1948,"gs://cmip6/CMIP6/CMIP/CCCma/CanESM5/historical/r19i1p1f1/Amon/tas/gn/v20190429/"
"ssp245~r25i1p1f1~1",1940,1948,1940,1948,"gs://cmip6/CMIP6/CMIP/CCCma/CanESM5/historical/r20i1p1f1/Amon/tas/gn/v20190429/"
"ssp245~r25i1p1f1~1",1949,1957,1949,1957,"gs://cmip6/CMIP6/CMIP/CCCma/CanESM5/historical/r7i1p1f1/Amon/tas/gn/v20190429/"
"ssp245~r25i1p1f1~1",1958,1966,1877,1885,"gs://cmip6/CMIP6/CMIP/CCCma/CanESM5/historical/r2i1p1f1/Amon/tas/gn/v20190429/"
"ssp245~r25i1p1f1~1",1967,1975,1931,1939,"gs://cmip6/CMIP6/CMIP/CCCma/CanESM5/historical/r23i1p1f1/Amon/tas/gn/v20190429/"
"ssp245~r25i1p1f1~1",1976,1984,1976,1984,"gs://cmip6/CMIP6/CMIP/CCCma/CanESM5/historical/r13i1p1f1/Amon/tas/gn/v20190429/"
"ssp245~r25i1p1f1~1",1985,1993,1985,1993,"gs://cmip6/CMIP6/CMIP/CCCma/CanESM5/historical/r24i1p1f1/Amon/tas/gn/v20190429/"
"ssp245~r25i1p1f1~1",1994,2002,1994,2002,"gs://cmip6/CMIP6/CMIP/CCCma/CanESM5/historical/r6i1p1f1/Amon/tas/gn/v20190429/"
"ssp245~r25i1p1f1~1",2003,2011,2003,2011,"gs://cmip6/CMIP6/CMIP/CCCma/CanESM5/historical/r4i1p1f1/Amon/tas/gn/v20190429/"
"ssp245~r25i1p1f1~1",2012,2014,2012,2014,"gs://cmip6/CMIP6/CMIP/CCCma/CanESM5/historical/r5i1p1f1/Amon/tas/gn/v20190429/"
"ssp245~r25i1p1f1~1",2015,2020,2015,2020,"gs://cmip6/CMIP6/ScenarioMIP/CCCma/CanESM5/ssp245/r5i1p1f1/Amon/tas/gn/v20190429/"
"ssp245~r25i1p1f1~1",2021,2029,2030,2038,"gs://cmip6/CMIP6/ScenarioMIP/CCCma/CanESM5/ssp119/r10i1p1f1/Amon/tas/gn/v20190429/"
"ssp245~r25i1p1f1~1",2030,2038,2030,2038,"gs://cmip6/CMIP6/ScenarioMIP/CCCma/CanESM5/ssp245/r6i1p1f1/Amon/tas/gn/v20190429/"
"ssp245~r25i1p1f1~1",2039,2047,2039,2047,"gs://cmip6/CMIP6/ScenarioMIP/CCCma/CanESM5/ssp434/r1i1p1f1/Amon/tas/gn/v20190429/"
"ssp245~r25i1p1f1~1",2048,2056,2048,2056,"gs://cmip6/CMIP6/ScenarioMIP/CCCma/CanESM5/ssp245/r24i1p1f1/Amon/tas/gn/v20190429/"
"ssp245~r25i1p1f1~1",2057,2065,2057,2065,"gs://cmip6/CMIP6/ScenarioMIP/CCCma/CanESM5/ssp245/r5i1p1f1/Amon/tas/gn/v20190429/"
"ssp245~r25i1p1f1~1",2066,2074,2066,2074,"gs://cmip6/CMIP6/ScenarioMIP/CCCma/CanESM5/ssp245/r25i1p1f1/Amon/tas/gn/v20190429/"
"ssp245~r25i1p1f1~1",2075,2083,2075,2083,"gs://cmip6/CMIP6/ScenarioMIP/CCCma/CanESM5/ssp245/r22i1p1f1/Amon/tas/gn/v20190429/"
"ssp245~r25i1p1f1~1",2084,2092,2084,2092,"gs://cmip6/CMIP6/ScenarioMIP/CCCma/CanESM5/ssp245/r21i1p1f1/Amon/tas/gn/v20190429/"
"ssp245~r25i1p1f1~1",2093,2100,2093,2100,"gs://cmip6/CMIP6/ScenarioMIP/CCCma/CanESM5/ssp245/r25i1p1f1/Amon/tas/gn/v20190429/"
"ssp245~r25i1p1f1~2",1850,1858,1859,1867,"gs://cmip6/CMIP6/CMIP/CCCma/CanESM5/historical/r25i1p1f1/Amon/tas/gn/v20190429/"
"ssp245~r25i1p1f1~2",1859,1867,1859,1867,"gs://cmip6/CMIP6/CMIP/CCCma/CanESM5/historical/r19i1p1f1/Amon/tas/gn/v20190429/"
"ssp245~r25i1p1f1~2",1868,1876,1904,1912,"gs://cmip6/CMIP6/CMIP/CCCma/CanESM5/historical/r6i1p1f1/Amon/tas/gn/v20190429/"
"ssp245~r25i1p1f1~2",1877,1885,1877,1885,"gs://cmip6/CMIP6/CMIP/CCCma/CanESM5/historical/r25i1p1f1/Amon/tas/gn/v20190429/"
"ssp245~r25i1p1f1~2",1886,1894,1868,1876,"gs://cmip6/CMIP6/CMIP/CCCma/CanESM5/historical/r14i1p1f1/Amon/tas/gn/v20190429/"
"ssp245~r25i1p1f1~2",1895,1903,1859,1867,"gs://cmip6/CMIP6/CMIP/CCCma/CanESM5/historical/r16i1p1f1/Amon/tas/gn/v20190429/"
"ssp245~r25i1p1f1~2",1904,1912,1904,1912,"gs://cmip6/CMIP6/CMIP/CCCma/CanESM5/historical/r25i1p1f1/Amon/tas/gn/v20190429/"
"ssp245~r25i1p1f1~2",1913,1921,1967,1975,"gs://cmip6/CMIP6/CMIP/CCCma/CanESM5/historical/r13i1p1f1/Amon/tas/gn/v20190429/"
"ssp245~r25i1p1f1~2",1922,1930,1922,1930,"gs://cmip6/CMIP6/CMIP/CCCma/CanESM5/historical/r1i1p1f1/Amon/tas/gn/v20190429/"
"ssp245~r25i1p1f1~2",1931,1939,1958,1966,"gs://cmip6/CMIP6/CMIP/CCCma/CanESM5/historical/r7i1p1f1/Amon/tas/gn/v20190429/"
"ssp245~r25i1p1f1~2",1940,1948,1931,1939,"gs://cmip6/CMIP6/CMIP/CCCma/CanESM5/historical/r25i1p1f1/Amon/tas/gn/v20190429/"
"ssp245~r25i1p1f1~2",1949,1957,1949,1957,"gs://cmip6/CMIP6/CMIP/CCCma/CanESM5/historical/r22i1p1f1/Amon/tas/gn/v20190429/"
"ssp245~r25i1p1f1~2",1958,1966,1958,1966,"gs://cmip6/CMIP6/CMIP/CCCma/CanESM5/historical/r25i1p1f1/Amon/tas/gn/v20190429/"
"ssp245~r25i1p1f1~2",1967,1975,1967,1975,"gs://cmip6/CMIP6/CMIP/CCCma/CanESM5/historical/r5i1p1f1/Amon/tas/gn/v20190429/"
"ssp245~r25i1p1f1~2",1976,1984,1976,1984,"gs://cmip6/CMIP6/CMIP/CCCma/CanESM5/historical/r25i1p1f1/Amon/tas/gn/v20190429/"
"ssp245~r25i1p1f1~2",1985,1993,1985,1993,"gs://cmip6/CMIP6/CMIP/CCCma/CanESM5/historical/r25i1p1f1/Amon/tas/gn/v20190429/"
"ssp245~r25i1p1f1~2",1994,2002,1994,2002,"gs://cmip6/CMIP6/CMIP/CCCma/CanESM5/historical/r25i1p1f1/Amon/tas/gn/v20190429/"
"ssp245~r25i1p1f1~2",2003,2011,2003,2011,"gs://cmip6/CMIP6/CMIP/CCCma/CanESM5/historical/r10i1p1f1/Amon/tas/gn/v20190429/"
"ssp245~r25i1p1f1~2",2012,2014,2012,2014,"gs://cmip6/CMIP6/CMIP/CCCma/CanESM5/historical/r7i1p1f1/Amon/tas/gn/v20190429/"
"ssp245~r25i1p1f1~2",2015,2020,2015,2020,"gs://cmip6/CMIP6/ScenarioMIP/CCCma/CanESM5/ssp245/r7i1p1f1/Amon/tas/gn/v20190429/"
"ssp245~r25i1p1f1~2",2021,2029,2021,2029,"gs://cmip6/CMIP6/ScenarioMIP/CCCma/CanESM5/ssp119/r7i1p1f1/Amon/tas/gn/v20190429/"
"ssp245~r25i1p1f1~2",2030,2038,2030,2038,"gs://cmip6/CMIP6/ScenarioMIP/CCCma/CanESM5/ssp585/r24i1p1f1/Amon/tas/gn/v20190429/"
"ssp245~r25i1p1f1~2",2039,2047,2039,2047,"gs://cmip6/CMIP6/ScenarioMIP/CCCma/CanESM5/ssp245/r5i1p1f1/Amon/tas/gn/v20190429/"
"ssp245~r25i1p1f1~2",2048,2056,2048,2056,"gs://cmip6/CMIP6/ScenarioMIP/CCCma/CanESM5/ssp245/r3i1p1f1/Amon/tas/gn/v20190429/"
"ssp245~r25i1p1f1~2",2057,2065,2057,2065,"gs://cmip6/CMIP6/ScenarioMIP/CCCma/CanESM5/ssp245/r21i1p1f1/Amon/tas/gn/v20190429/"
"ssp245~r25i1p1f1~2",2066,2074,2057,2065,"gs://cmip6/CMIP6/ScenarioMIP/CCCma/CanESM5/ssp460/r5i1p1f1/Amon/tas/gn/v20190429/"
"ssp245~r25i1p1f1~2",2075,2083,2075,2083,"gs://cmip6/CMIP6/ScenarioMIP/CCCma/CanESM5/ssp245/r19i1p1f1/Amon/tas/gn/v20190429/"
"ssp245~r25i1p1f1~2",2084,2092,2092,2100,"gs://cmip6/CMIP6/ScenarioMIP/CCCma/CanESM5/ssp245/r4i1p1f1/Amon/tas/gn/v20190429/"
"ssp245~r25i1p1f1~2",2093,2100,2093,2100,"gs://cmip6/CMIP6/ScenarioMIP/CCCma/CanESM5/ssp245/r3i1p1f1/Amon/tas/gn/v20190429/"
"ssp245~r25i1p1f1~3",1850,1858,1922,1930,"gs://cmip6/CMIP6/CMIP/CCCma/CanESM5/historical/r8i1p1f1/Amon/tas/gn/v20190429/"
"ssp245~r25i1p1f1~3",1859,1867,1850,1858,"gs://cmip6/CMIP6/CMIP/CCCma/CanESM5/historical/r24i1p1f1/Amon/tas/gn/v20190429/"
"ssp245~r25i1p1f1~3",1868,1876,1886,1894,"gs://cmip6/CMIP6/CMIP/CCCma/CanESM5/historical/r16i1p1f1/Amon/tas/gn/v20190429/"
"ssp245~r25i1p1f1~3",1877,1885,1958,1966,"gs://cmip6/CMIP6/CMIP/CCCma/CanESM5/historical/r17i1p1f1/Amon/tas/gn/v20190429/"
"ssp245~r25i1p1f1~3",1886,1894,1904,1912,"gs://cmip6/CMIP6/CMIP/CCCma/CanESM5/historical/r23i1p1f1/Amon/tas/gn/v20190429/"
"ssp245~r25i1p1f1~3",1895,1903,1868,1876,"gs://cmip6/CMIP6/CMIP/CCCma/CanESM5/historical/r20i1p1f1/Amon/tas/gn/v20190429/"
"ssp245~r25i1p1f1~3",1904,1912,1886,1894,"gs://cmip6/CMIP6/CMIP/CCCma/CanESM5/historical/r4i1p1f1/Amon/tas/gn/v20190429/"
"ssp245~r25i1p1f1~3",1913,1921,1868,1876,"gs://cmip6/CMIP6/CMIP/CCCma/CanESM5/historical/r5i1p1f1/Amon/tas/gn/v20190429/"
"ssp245~r25i1p1f1~3",1922,1930,1967,1975,"gs://cmip6/CMIP6/CMIP/CCCma/CanESM5/historical/r3i1p1f1/Amon/tas/gn/v20190429/"
"ssp245~r25i1p1f1~3",1931,1939,1931,1939,"gs://cmip6/CMIP6/CMIP/CCCma/CanESM5/historical/r6i1p1f1/Amon/tas/gn/v20190429/"
"ssp245~r25i1p1f1~3",1940,1948,1931,1939,"gs://cmip6/CMIP6/CMIP/CCCma/CanESM5/historical/r20i1p1f1/Amon/tas/gn/v20190429/"
"ssp245~r25i1p1f1~3",1949,1957,1940,1948,"gs://cmip6/CMIP6/CMIP/CCCma/CanESM5/historical/r1i1p1f1/Amon/tas/gn/v20190429/"
"ssp245~r25i1p1f1~3",1958,1966,1958,1966,"gs://cmip6/CMIP6/CMIP/CCCma/CanESM5/historical/r13i1p1f1/Amon/tas/gn/v20190429/"
"ssp245~r25i1p1f1~3",1967,1975,1931,1939,"gs://cmip6/CMIP6/CMIP/CCCma/CanESM5/historical/r12i1p1f1/Amon/tas/gn/v20190429/"
"ssp245~r25i1p1f1~3",1976,1984,1976,1984,"gs://cmip6/CMIP6/CMIP/CCCma/CanESM5/historical/r17i1p1f1/Amon/tas/gn/v20190429/"
"ssp245~r25i1p1f1~3",1985,1993,1985,1993,"gs://cmip6/CMIP6/CMIP/CCCma/CanESM5/historical/r17i1p1f1/Amon/tas/gn/v20190429/"
"ssp245~r25i1p1f1~3",1994,2002,1994,2002,"gs://cmip6/CMIP6/CMIP/CCCma/CanESM5/historical/r7i1p1f1/Amon/tas/gn/v20190429/"
"ssp245~r25i1p1f1~3",2003,2011,2003,2011,"gs://cmip6/CMIP6/CMIP/CCCma/CanESM5/historical/r15i1p1f1/Amon/tas/gn/v20190429/"
"ssp245~r25i1p1f1~3",2012,2014,2012,2014,"gs://cmip6/CMIP6/CMIP/CCCma/CanESM5/historical/r18i1p1f1/Amon/tas/gn/v20190429/"
"ssp245~r25i1p1f1~3",2015,2020,2015,2020,"gs://cmip6/CMIP6/ScenarioMIP/CCCma/CanESM5/ssp585/r18i1p1f1/Amon/tas/gn/v20190429/"
"ssp245~r25i1p1f1~3",2021,2029,2030,2038,"gs://cmip6/CMIP6/ScenarioMIP/CCCma/CanESM5/ssp119/r25i1p1f1/Amon/tas/gn/v20190429/"
"ssp245~r25i1p1f1~3",2030,2038,2030,2038,"gs://cmip6/CMIP6/ScenarioMIP/CCCma/CanESM5/ssp370/r18i1p1f1/Amon/tas/gn/v20190429/"
"ssp245~r25i1p1f1~3",2039,2047,2030,2038,"gs://cmip6/CMIP6/ScenarioMIP/CCCma/CanESM5/ssp585/r9i1p1f1/Amon/tas/gn/v20190429/"
"ssp245~r25i1p1f1~3",2048,2056,2048,2056,"gs://cmip6/CMIP6/ScenarioMIP/CCCma/CanESM5/ssp460/r4i1p1f1/Amon/tas/gn/v20190429/"
"ssp245~r25i1p1f1~3",2057,2065,2057,2065,"gs://cmip6/CMIP6/ScenarioMIP/CCCma/CanESM5/ssp245/r23i1p1f1/Amon/tas/gn/v20190429/"
"ssp245~r25i1p1f1~3",2066,2074,2048,2056,"gs://cmip6/CMIP6/ScenarioMIP/CCCma/CanESM5/ssp370/r2i1p1f1/Amon/tas/gn/v20190429/"
"ssp245~r25i1p1f1~3",2075,2083,2075,2083,"gs://cmip6/CMIP6/ScenarioMIP/CCCma/CanESM5/ssp245/r6i1p1f1/Amon/tas/gn/v20190429/"
"ssp245~r25i1p1f1~3",2084,2092,2084,2092,"gs://cmip6/CMIP6/ScenarioMIP/CCCma/CanESM5/ssp245/r19i1p1f1/Amon/tas/gn/v20190429/"
"ssp245~r25i1p1f1~3",2093,2100,2093,2100,"gs://cmip6/CMIP6/ScenarioMIP/CCCma/CanESM5/ssp245/r9i1p1f1/Amon/tas/gn/v20190429/"
"ssp245~r20i1p1f1~1",1850,1858,1904,1912,"gs://cmip6/CMIP6/CMIP/CCCma/CanESM5/historical/r7i1p1f1/Amon/tas/gn/v20190429/"
"ssp245~r20i1p1f1~1",1859,1867,1859,1867,"gs://cmip6/CMIP6/CMIP/CCCma/CanESM5/historical/r14i1p1f1/Amon/tas/gn/v20190429/"
"ssp245~r20i1p1f1~1",1868,1876,1931,1939,"gs://cmip6/CMIP6/CMIP/CCCma/CanESM5/historical/r24i1p1f1/Amon/tas/gn/v20190429/"
"ssp245~r20i1p1f1~1",1877,1885,1850,1858,"gs://cmip6/CMIP6/CMIP/CCCma/CanESM5/historical/r15i1p1f1/Amon/tas/gn/v20190429/"
"ssp245~r20i1p1f1~1",1886,1894,1913,1921,"gs://cmip6/CMIP6/CMIP/CCCma/CanESM5/historical/r24i1p1f1/Amon/tas/gn/v20190429/"
"ssp245~r20i1p1f1~1",1895,1903,1850,1858,"gs://cmip6/CMIP6/CMIP/CCCma/CanESM5/historical/r6i1p1f1/Amon/tas/gn/v20190429/"
"ssp245~r20i1p1f1~1",1904,1912,1904,1912,"gs://cmip6/CMIP6/CMIP/CCCma/CanESM5/historical/r20i1p1f1/Amon/tas/gn/v20190429/"
"ssp245~r20i1p1f1~1",1913,1921,1976,1984,"gs://cmip6/CMIP6/CMIP/CCCma/CanESM5/historical/r8i1p1f1/Amon/tas/gn/v20190429/"
"ssp245~r20i1p1f1~1",1922,1930,1940,1948,"gs://cmip6/CMIP6/CMIP/CCCma/CanESM5/historical/r12i1p1f1/Amon/tas/gn/v20190429/"
"ssp245~r20i1p1f1~1",1931,1939,1958,1966,"gs://cmip6/CMIP6/CMIP/CCCma/CanESM5/historical/r1i1p1f1/Amon/tas/gn/v20190429/"
"ssp245~r20i1p1f1~1",1940,1948,1931,1939,"gs://cmip6/CMIP6/CMIP/CCCma/CanESM5/historical/r15i1p1f1/Amon/tas/gn/v20190429/"
"ssp245~r20i1p1f1~1",1949,1957,1931,1939,"gs://cmip6/CMIP6/CMIP/CCCma/CanESM5/historical/r16i1p1f1/Amon/tas/gn/v20190429/"
"ssp245~r20i1p1f1~1",1958,1966,1958,1966,"gs://cmip6/CMIP6/CMIP/CCCma/CanESM5/historical/r11i1p1f1/Amon/tas/gn/v20190429/"
"ssp245~r20i1p1f1~1",1967,1975,1940,1948,"gs://cmip6/CMIP6/CMIP/CCCma/CanESM5/historical/r24i1p1f1/Amon/tas/gn/v20190429/"
"ssp245~r20i1p1f1~1",1976,1984,1967,1975,"gs://cmip6/CMIP6/CMIP/CCCma/CanESM5/historical/r22i1p1f1/Amon/tas/gn/v20190429/"
"ssp245~r20i1p1f1~1",1985,1993,1985,1993,"gs://cmip6/CMIP6/CMIP/CCCma/CanESM5/historical/r12i1p1f1/Amon/tas/gn/v20190429/"
"ssp245~r20i1p1f1~1",1994,2002,1994,2002,"gs://cmip6/CMIP6/CMIP/CCCma/CanESM5/historical/r5i1p1f1/Amon/tas/gn/v20190429/"
"ssp245~r20i1p1f1~1",2003,2011,2003,2011,"gs://cmip6/CMIP6/CMIP/CCCma/CanESM5/historical/r20i1p1f1/Amon/tas/gn/v20190429/"
"ssp245~r20i1p1f1~1",2012,2014,2012,2014,"gs://cmip6/CMIP6/CMIP/CCCma/CanESM5/historical/r20i1p1f1/Amon/tas/gn/v20190429/"
"ssp245~r20i1p1f1~1",2015,2020,2015,2020,"gs://cmip6/CMIP6/ScenarioMIP/CCCma/CanESM5/ssp119/r20i1p1f1/Amon/tas/gn/v20190429/"
"ssp245~r20i1p1f1~1",2021,2029,2021,2029,"gs://cmip6/CMIP6/ScenarioMIP/CCCma/CanESM5/ssp119/r11i1p1f1/Amon/tas/gn/v20190429/"
"ssp245~r20i1p1f1~1",2030,2038,2030,2038,"gs://cmip6/CMIP6/ScenarioMIP/CCCma/CanESM5/ssp245/r1i1p1f1/Amon/tas/gn/v20190429/"
"ssp245~r20i1p1f1~1",2039,2047,2039,2047,"gs://cmip6/CMIP6/ScenarioMIP/CCCma/CanESM5/ssp245/r10i1p1f1/Amon/tas/gn/v20190429/"
"ssp245~r20i1p1f1~1",2048,2056,2048,2056,"gs://cmip6/CMIP6/ScenarioMIP/CCCma/CanESM5/ssp245/r21i1p1f1/Amon/tas/gn/v20190429/"
"ssp245~r20i1p1f1~1",2057,2065,2048,2056,"gs://cmip6/CMIP6/ScenarioMIP/CCCma/CanESM5/ssp370/r14i1p1f1/Amon/tas/gn/v20190429/"
"ssp245~r20i1p1f1~1",2066,2074,2066,2074,"gs://cmip6/CMIP6/ScenarioMIP/CCCma/CanESM5/ssp245/r7i1p1f1/Amon/tas/gn/v20190429/"
"ssp245~r20i1p1f1~1",2075,2083,2075,2083,"gs://cmip6/CMIP6/ScenarioMIP/CCCma/CanESM5/ssp245/r21i1p1f1/Amon/tas/gn/v20190429/"
"ssp245~r20i1p1f1~1",2084,2092,2092,2100,"gs://cmip6/CMIP6/ScenarioMIP/CCCma/CanESM5/ssp245/r20i1p1f1/Amon/tas/gn/v20190429/"
"ssp245~r20i1p1f1~1",2093,2100,2084,2091,"gs://cmip6/CMIP6/ScenarioMIP/CCCma/CanESM5/ssp245/r19i1p1f1/Amon/tas/gn/v20190429/"
"ssp245~r20i1p1f1~2",1850,1858,1886,1894,"gs://cmip6/CMIP6/CMIP/CCCma/CanESM5/historical/r18i1p1f1/Amon/tas/gn/v20190429/"
"ssp245~r20i1p1f1~2",1859,1867,1913,1921,"gs://cmip6/CMIP6/CMIP/CCCma/CanESM5/historical/r2i1p1f1/Amon/tas/gn/v20190429/"
"ssp245~r20i1p1f1~2",1868,1876,1913,1921,"gs://cmip6/CMIP6/CMIP/CCCma/CanESM5/historical/r15i1p1f1/Amon/tas/gn/v20190429/"
"ssp245~r20i1p1f1~2",1877,1885,1931,1939,"gs://cmip6/CMIP6/CMIP/CCCma/CanESM5/historical/r18i1p1f1/Amon/tas/gn/v20190429/"
"ssp245~r20i1p1f1~2",1886,1894,1859,1867,"gs://cmip6/CMIP6/CMIP/CCCma/CanESM5/historical/r24i1p1f1/Amon/tas/gn/v20190429/"
"ssp245~r20i1p1f1~2",1895,1903,1868,1876,"gs://cmip6/CMIP6/CMIP/CCCma/CanESM5/historical/r15i1p1f1/Amon/tas/gn/v20190429/"
"ssp245~r20i1p1f1~2",1904,1912,1850,1858,"gs://cmip6/CMIP6/CMIP/CCCma/CanESM5/historical/r24i1p1f1/Amon/tas/gn/v20190429/"
"ssp245~r20i1p1f1~2",1913,1921,1931,1939,"gs://cmip6/CMIP6/CMIP/CCCma/CanESM5/historical/r13i1p1f1/Amon/tas/gn/v20190429/"
"ssp245~r20i1p1f1~2",1922,1930,1922,1930,"gs://cmip6/CMIP6/CMIP/CCCma/CanESM5/historical/r3i1p1f1/Amon/tas/gn/v20190429/"
"ssp245~r20i1p1f1~2",1931,1939,1940,1948,"gs://cmip6/CMIP6/CMIP/CCCma/CanESM5/historical/r16i1p1f1/Amon/tas/gn/v20190429/"
"ssp245~r20i1p1f1~2",1940,1948,1931,1939,"gs://cmip6/CMIP6/CMIP/CCCma/CanESM5/historical/r7i1p1f1/Amon/tas/gn/v20190429/"
"ssp245~r20i1p1f1~2",1949,1957,1967,1975,"gs://cmip6/CMIP6/CMIP/CCCma/CanESM5/historical/r15i1p1f1/Amon/tas/gn/v20190429/"
"ssp245~r20i1p1f1~2",1958,1966,1895,1903,"gs://cmip6/CMIP6/CMIP/CCCma/CanESM5/historical/r17i1p1f1/Amon/tas/gn/v20190429/"
"ssp245~r20i1p1f1~2",1967,1975,1940,1948,"gs://cmip6/CMIP6/CMIP/CCCma/CanESM5/historical/r22i1p1f1/Amon/tas/gn/v20190429/"
"ssp245~r20i1p1f1~2",1976,1984,1976,1984,"gs://cmip6/CMIP6/CMIP/CCCma/CanESM5/historical/r18i1p1f1/Amon/tas/gn/v20190429/"
"ssp245~r20i1p1f1~2",1985,1993,1985,1993,"gs://cmip6/CMIP6/CMIP/CCCma/CanESM5/historical/r20i1p1f1/Amon/tas/gn/v20190429/"
"ssp245~r20i1p1f1~2",1994,2002,1994,2002,"gs://cmip6/CMIP6/CMIP/CCCma/CanESM5/historical/r1i1p1f1/Amon/tas/gn/v20190429/"
"ssp245~r20i1p1f1~2",2003,2011,2003,2011,"gs://cmip6/CMIP6/CMIP/CCCma/CanESM5/historical/r24i1p1f1/Amon/tas/gn/v20190429/"
"ssp245~r20i1p1f1~2",2012,2014,2012,2014,"gs://cmip6/CMIP6/CMIP/CCCma/CanESM5/historical/r25i1p1f1/Amon/tas/gn/v20190429/"
"ssp245~r20i1p1f1~2",2015,2020,2015,2020,"gs://cmip6/CMIP6/ScenarioMIP/CCCma/CanESM5/ssp585/r25i1p1f1/Amon/tas/gn/v20190429/"
"ssp245~r20i1p1f1~2",2021,2029,2021,2029,"gs://cmip6/CMIP6/ScenarioMIP/CCCma/CanESM5/ssp370/r7i1p1f1/Amon/tas/gn/v20190429/"
"ssp245~r20i1p1f1~2",2030,2038,2030,2038,"gs://cmip6/CMIP6/ScenarioMIP/CCCma/CanESM5/ssp434/r5i1p1f1/Amon/tas/gn/v20190429/"
"ssp245~r20i1p1f1~2",2039,2047,2030,2038,"gs://cmip6/CMIP6/ScenarioMIP/CCCma/CanESM5/ssp585/r23i1p1f1/Amon/tas/gn/v20190429/"
"ssp245~r20i1p1f1~2",2048,2056,2048,2056,"gs://cmip6/CMIP6/ScenarioMIP/CCCma/CanESM5/ssp245/r18i1p1f1/Amon/tas/gn/v20190429/"
"ssp245~r20i1p1f1~2",2057,2065,2057,2065,"gs://cmip6/CMIP6/ScenarioMIP/CCCma/CanESM5/ssp245/r20i1p1f1/Amon/tas/gn/v20190429/"
"ssp245~r20i1p1f1~2",2066,2074,2084,2092,"gs://cmip6/CMIP6/ScenarioMIP/CCCma/CanESM5/ssp434/r3i1p1f1/Amon/tas/gn/v20190429/"
"ssp245~r20i1p1f1~2",2075,2083,2075,2083,"gs://cmip6/CMIP6/ScenarioMIP/CCCma/CanESM5/ssp245/r12i1p1f1/Amon/tas/gn/v20190429/"
"ssp245~r20i1p1f1~2",2084,2092,2092,2100,"gs://cmip6/CMIP6/ScenarioMIP/CCCma/CanESM5/ssp245/r5i1p1f1/Amon/tas/gn/v20190429/"
"ssp245~r20i1p1f1~2",2093,2100,2084,2091,"gs://cmip6/CMIP6/ScenarioMIP/CCCma/CanESM5/ssp245/r11i1p1f1/Amon/tas/gn/v20190429/"
"ssp245~r20i1p1f1~3",1850,1858,1886,1894,"gs://cmip6/CMIP6/CMIP/CCCma/CanESM5/historical/r8i1p1f1/Amon/tas/gn/v20190429/"
"ssp245~r20i1p1f1~3",1859,1867,1949,1957,"gs://cmip6/CMIP6/CMIP/CCCma/CanESM5/historical/r8i1p1f1/Amon/tas/gn/v20190429/"
"ssp245~r20i1p1f1~3",1868,1876,1931,1939,"gs://cmip6/CMIP6/CMIP/CCCma/CanESM5/historical/r7i1p1f1/Amon/tas/gn/v20190429/"
"ssp245~r20i1p1f1~3",1877,1885,1868,1876,"gs://cmip6/CMIP6/CMIP/CCCma/CanESM5/historical/r7i1p1f1/Amon/tas/gn/v20190429/"
"ssp245~r20i1p1f1~3",1886,1894,1859,1867,"gs://cmip6/CMIP6/CMIP/CCCma/CanESM5/historical/r25i1p1f1/Amon/tas/gn/v20190429/"
"ssp245~r20i1p1f1~3",1895,1903,1859,1867,"gs://cmip6/CMIP6/CMIP/CCCma/CanESM5/historical/r21i1p1f1/Amon/tas/gn/v20190429/"
"ssp245~r20i1p1f1~3",1904,1912,1913,1921,"gs://cmip6/CMIP6/CMIP/CCCma/CanESM5/historical/r19i1p1f1/Amon/tas/gn/v20190429/"
"ssp245~r20i1p1f1~3",1913,1921,1931,1939,"gs://cmip6/CMIP6/CMIP/CCCma/CanESM5/historical/r17i1p1f1/Amon/tas/gn/v20190429/"
"ssp245~r20i1p1f1~3",1922,1930,1922,1930,"gs://cmip6/CMIP6/CMIP/CCCma/CanESM5/historical/r4i1p1f1/Amon/tas/gn/v20190429/"
"ssp245~r20i1p1f1~3",1931,1939,1922,1930,"gs://cmip6/CMIP6/CMIP/CCCma/CanESM5/historical/r16i1p1f1/Amon/tas/gn/v20190429/"
"ssp245~r20i1p1f1~3",1940,1948,1949,1957,"gs://cmip6/CMIP6/CMIP/CCCma/CanESM5/historical/r20i1p1f1/Amon/tas/gn/v20190429/"
"ssp245~r20i1p1f1~3",1949,1957,1931,1939,"gs://cmip6/CMIP6/CMIP/CCCma/CanESM5/historical/r3i1p1f1/Amon/tas/gn/v20190429/"
"ssp245~r20i1p1f1~3",1958,1966,1958,1966,"gs://cmip6/CMIP6/CMIP/CCCma/CanESM5/historical/r19i1p1f1/Amon/tas/gn/v20190429/"
"ssp245~r20i1p1f1~3",1967,1975,1940,1948,"gs://cmip6/CMIP6/CMIP/CCCma/CanESM5/historical/r4i1p1f1/Amon/tas/gn/v20190429/"
"ssp245~r20i1p1f1~3",1976,1984,1976,1984,"gs://cmip6/CMIP6/CMIP/CCCma/CanESM5/historical/r16i1p1f1/Amon/tas/gn/v20190429/"
"ssp245~r20i1p1f1~3",1985,1993,1985,1993,"gs://cmip6/CMIP6/CMIP/CCCma/CanESM5/historical/r21i1p1f1/Amon/tas/gn/v20190429/"
"ssp245~r20i1p1f1~3",1994,2002,1994,2002,"gs://cmip6/CMIP6/CMIP/CCCma/CanESM5/historical/r23i1p1f1/Amon/tas/gn/v20190429/"
"ssp245~r20i1p1f1~3",2003,2011,2003,2011,"gs://cmip6/CMIP6/CMIP/CCCma/CanESM5/historical/r12i1p1f1/Amon/tas/gn/v20190429/"
"ssp245~r20i1p1f1~3",2012,2014,2012,2014,"gs://cmip6/CMIP6/CMIP/CCCma/CanESM5/historical/r24i1p1f1/Amon/tas/gn/v20190429/"
"ssp245~r20i1p1f1~3",2015,2020,2015,2020,"gs://cmip6/CMIP6/ScenarioMIP/CCCma/CanESM5/ssp126/r24i1p1f1/Amon/tas/gn/v20190429/"
"ssp245~r20i1p1f1~3",2021,2029,2021,2029,"gs://cmip6/CMIP6/ScenarioMIP/CCCma/CanESM5/ssp460/r1i1p1f1/Amon/tas/gn/v20190429/"
"ssp245~r20i1p1f1~3",2030,2038,2030,2038,"gs://cmip6/CMIP6/ScenarioMIP/CCCma/CanESM5/ssp370/r22i1p1f1/Amon/tas/gn/v20190429/"
"ssp245~r20i1p1f1~3",2039,2047,2030,2038,"gs://cmip6/CMIP6/ScenarioMIP/CCCma/CanESM5/ssp585/r3i1p1f1/Amon/tas/gn/v20190429/"
"ssp245~r20i1p1f1~3",2048,2056,2048,2056,"gs://cmip6/CMIP6/ScenarioMIP/CCCma/CanESM5/ssp245/r20i1p1f1/Amon/tas/gn/v20190429/"
"ssp245~r20i1p1f1~3",2057,2065,2057,2065,"gs://cmip6/CMIP6/ScenarioMIP/CCCma/CanESM5/ssp245/r19i1p1f1/Amon/tas/gn/v20190429/"
"ssp245~r20i1p1f1~3",2066,2074,2066,2074,"gs://cmip6/CMIP6/ScenarioMIP/CCCma/CanESM5/ssp245/r23i1p1f1/Amon/tas/gn/v20190429/"
"ssp245~r20i1p1f1~3",2075,2083,2066,2074,"gs://cmip6/CMIP6/ScenarioMIP/CCCma/CanESM5/ssp245/r2i1p1f1/Amon/tas/gn/v20190429/"
"ssp245~r20i1p1f1~3",2084,2092,2092,2100,"gs://cmip6/CMIP6/ScenarioMIP/CCCma/CanESM5/ssp245/r14i1p1f1/Amon/tas/gn/v20190429/"
"ssp245~r20i1p1f1~3",2093,2100,2084,2091,"gs://cmip6/CMIP6/ScenarioMIP/CCCma/CanESM5/ssp245/r21i1p1f1/Amon/tas/gn/v20190429/"
"ssp245~r21i1p1f1~1",1850,1858,1850,1858,"gs://cmip6/CMIP6/CMIP/CCCma/CanESM5/historical/r19i1p1f1/Amon/tas/gn/v20190429/"
"ssp245~r21i1p1f1~1",1859,1867,1877,1885,"gs://cmip6/CMIP6/CMIP/CCCma/CanESM5/historical/r23i1p1f1/Amon/tas/gn/v20190429/"
"ssp245~r21i1p1f1~1",1868,1876,1904,1912,"gs://cmip6/CMIP6/CMIP/CCCma/CanESM5/historical/r14i1p1f1/Amon/tas/gn/v20190429/"
"ssp245~r21i1p1f1~1",1877,1885,1877,1885,"gs://cmip6/CMIP6/CMIP/CCCma/CanESM5/historical/r10i1p1f1/Amon/tas/gn/v20190429/"
"ssp245~r21i1p1f1~1",1886,1894,1895,1903,"gs://cmip6/CMIP6/CMIP/CCCma/CanESM5/historical/r7i1p1f1/Amon/tas/gn/v20190429/"
"ssp245~r21i1p1f1~1",1895,1903,1859,1867,"gs://cmip6/CMIP6/CMIP/CCCma/CanESM5/historical/r12i1p1f1/Amon/tas/gn/v20190429/"
"ssp245~r21i1p1f1~1",1904,1912,1886,1894,"gs://cmip6/CMIP6/CMIP/CCCma/CanESM5/historical/r2i1p1f1/Amon/tas/gn/v20190429/"
"ssp245~r21i1p1f1~1",1913,1921,1913,1921,"gs://cmip6/CMIP6/CMIP/CCCma/CanESM5/historical/r13i1p1f1/Amon/tas/gn/v20190429/"
"ssp245~r21i1p1f1~1",1922,1930,1949,1957,"gs://cmip6/CMIP6/CMIP/CCCma/CanESM5/historical/r10i1p1f1/Amon/tas/gn/v20190429/"
"ssp245~r21i1p1f1~1",1931,1939,1940,1948,"gs://cmip6/CMIP6/CMIP/CCCma/CanESM5/historical/r4i1p1f1/Amon/tas/gn/v20190429/"
"ssp245~r21i1p1f1~1",1940,1948,1976,1984,"gs://cmip6/CMIP6/CMIP/CCCma/CanESM5/historical/r10i1p1f1/Amon/tas/gn/v20190429/"
"ssp245~r21i1p1f1~1",1949,1957,1958,1966,"gs://cmip6/CMIP6/CMIP/CCCma/CanESM5/historical/r3i1p1f1/Amon/tas/gn/v20190429/"
"ssp245~r21i1p1f1~1",1958,1966,1958,1966,"gs://cmip6/CMIP6/CMIP/CCCma/CanESM5/historical/r21i1p1f1/Amon/tas/gn/v20190429/"
"ssp245~r21i1p1f1~1",1967,1975,1967,1975,"gs://cmip6/CMIP6/CMIP/CCCma/CanESM5/historical/r15i1p1f1/Amon/tas/gn/v20190429/"
"ssp245~r21i1p1f1~1",1976,1984,1976,1984,"gs://cmip6/CMIP6/CMIP/CCCma/CanESM5/historical/r1i1p1f1/Amon/tas/gn/v20190429/"
"ssp245~r21i1p1f1~1",1985,1993,1985,1993,"gs://cmip6/CMIP6/CMIP/CCCma/CanESM5/historical/r1i1p1f1/Amon/tas/gn/v20190429/"
"ssp245~r21i1p1f1~1",1994,2002,1994,2002,"gs://cmip6/CMIP6/CMIP/CCCma/CanESM5/historical/r21i1p1f1/Amon/tas/gn/v20190429/"
"ssp245~r21i1p1f1~1",2003,2011,2003,2011,"gs://cmip6/CMIP6/CMIP/CCCma/CanESM5/historical/r16i1p1f1/Amon/tas/gn/v20190429/"
"ssp245~r21i1p1f1~1",2012,2014,2012,2014,"gs://cmip6/CMIP6/CMIP/CCCma/CanESM5/historical/r20i1p1f1/Amon/tas/gn/v20190429/"
"ssp245~r21i1p1f1~1",2015,2020,2015,2020,"gs://cmip6/CMIP6/ScenarioMIP/CCCma/CanESM5/ssp126/r20i1p1f1/Amon/tas/gn/v20190429/"
"ssp245~r21i1p1f1~1",2021,2029,2021,2029,"gs://cmip6/CMIP6/ScenarioMIP/CCCma/CanESM5/ssp126/r11i1p1f1/Amon/tas/gn/v20190429/"
"ssp245~r21i1p1f1~1",2030,2038,2030,2038,"gs://cmip6/CMIP6/ScenarioMIP/CCCma/CanESM5/ssp370/r17i1p1f1/Amon/tas/gn/v20190429/"
"ssp245~r21i1p1f1~1",2039,2047,2039,2047,"gs://cmip6/CMIP6/ScenarioMIP/CCCma/CanESM5/ssp245/r25i1p1f1/Amon/tas/gn/v20190429/"
"ssp245~r21i1p1f1~1",2048,2056,2048,2056,"gs://cmip6/CMIP6/ScenarioMIP/CCCma/CanESM5/ssp245/r19i1p1f1/Amon/tas/gn/v20190429/"
"ssp245~r21i1p1f1~1",2057,2065,2057,2065,"gs://cmip6/CMIP6/ScenarioMIP/CCCma/CanESM5/ssp245/r22i1p1f1/Amon/tas/gn/v20190429/"
"ssp245~r21i1p1f1~1",2066,2074,2066,2074,"gs://cmip6/CMIP6/ScenarioMIP/CCCma/CanESM5/ssp245/r20i1p1f1/Amon/tas/gn/v20190429/"
"ssp245~r21i1p1f1~1",2075,2083,2075,2083,"gs://cmip6/CMIP6/ScenarioMIP/CCCma/CanESM5/ssp245/r20i1p1f1/Amon/tas/gn/v20190429/"
"ssp245~r21i1p1f1~1",2084,2092,2084,2092,"gs://cmip6/CMIP6/ScenarioMIP/CCCma/CanESM5/ssp245/r5i1p1f1/Amon/tas/gn/v20190429/"
"ssp245~r21i1p1f1~1",2093,2100,2093,2100,"gs://cmip6/CMIP6/ScenarioMIP/CCCma/CanESM5/ssp245/r5i1p1f1/Amon/tas/gn/v20190429/"
"ssp245~r21i1p1f1~2",1850,1858,1886,1894,"gs://cmip6/CMIP6/CMIP/CCCma/CanESM5/historical/r11i1p1f1/Amon/tas/gn/v20190429/"
"ssp245~r21i1p1f1~2",1859,1867,1859,1867,"gs://cmip6/CMIP6/CMIP/CCCma/CanESM5/historical/r10i1p1f1/Amon/tas/gn/v20190429/"
"ssp245~r21i1p1f1~2",1868,1876,1859,1867,"gs://cmip6/CMIP6/CMIP/CCCma/CanESM5/historical/r3i1p1f1/Amon/tas/gn/v20190429/"
"ssp245~r21i1p1f1~2",1877,1885,1877,1885,"gs://cmip6/CMIP6/CMIP/CCCma/CanESM5/historical/r21i1p1f1/Amon/tas/gn/v20190429/"
"ssp245~r21i1p1f1~2",1886,1894,1859,1867,"gs://cmip6/CMIP6/CMIP/CCCma/CanESM5/historical/r18i1p1f1/Amon/tas/gn/v20190429/"
"ssp245~r21i1p1f1~2",1895,1903,1895,1903,"gs://cmip6/CMIP6/CMIP/CCCma/CanESM5/historical/r21i1p1f1/Amon/tas/gn/v20190429/"
"ssp245~r21i1p1f1~2",1904,1912,1868,1876,"gs://cmip6/CMIP6/CMIP/CCCma/CanESM5/historical/r18i1p1f1/Amon/tas/gn/v20190429/"
"ssp245~r21i1p1f1~2",1913,1921,1913,1921,"gs://cmip6/CMIP6/CMIP/CCCma/CanESM5/historical/r21i1p1f1/Amon/tas/gn/v20190429/"
"ssp245~r21i1p1f1~2",1922,1930,1922,1930,"gs://cmip6/CMIP6/CMIP/CCCma/CanESM5/historical/r2i1p1f1/Amon/tas/gn/v20190429/"
"ssp245~r21i1p1f1~2",1931,1939,1940,1948,"gs://cmip6/CMIP6/CMIP/CCCma/CanESM5/historical/r3i1p1f1/Amon/tas/gn/v20190429/"
"ssp245~r21i1p1f1~2",1940,1948,1940,1948,"gs://cmip6/CMIP6/CMIP/CCCma/CanESM5/historical/r9i1p1f1/Amon/tas/gn/v20190429/"
"ssp245~r21i1p1f1~2",1949,1957,1949,1957,"gs://cmip6/CMIP6/CMIP/CCCma/CanESM5/historical/r4i1p1f1/Amon/tas/gn/v20190429/"
"ssp245~r21i1p1f1~2",1958,1966,1922,1930,"gs://cmip6/CMIP6/CMIP/CCCma/CanESM5/historical/r10i1p1f1/Amon/tas/gn/v20190429/"
"ssp245~r21i1p1f1~2",1967,1975,1967,1975,"gs://cmip6/CMIP6/CMIP/CCCma/CanESM5/historical/r23i1p1f1/Amon/tas/gn/v20190429/"
"ssp245~r21i1p1f1~2",1976,1984,1985,1993,"gs://cmip6/CMIP6/CMIP/CCCma/CanESM5/historical/r23i1p1f1/Amon/tas/gn/v20190429/"
"ssp245~r21i1p1f1~2",1985,1993,1985,1993,"gs://cmip6/CMIP6/CMIP/CCCma/CanESM5/historical/r22i1p1f1/Amon/tas/gn/v20190429/"
"ssp245~r21i1p1f1~2",1994,2002,1994,2002,"gs://cmip6/CMIP6/CMIP/CCCma/CanESM5/historical/r2i1p1f1/Amon/tas/gn/v20190429/"
"ssp245~r21i1p1f1~2",2003,2011,2003,2011,"gs://cmip6/CMIP6/CMIP/CCCma/CanESM5/historical/r1i1p1f1/Amon/tas/gn/v20190429/"
"ssp245~r21i1p1f1~2",2012,2014,2012,2014,"gs://cmip6/CMIP6/CMIP/CCCma/CanESM5/historical/r12i1p1f1/Amon/tas/gn/v20190429/"
"ssp245~r21i1p1f1~2",2015,2020,2015,2020,"gs://cmip6/CMIP6/ScenarioMIP/CCCma/CanESM5/ssp126/r12i1p1f1/Amon/tas/gn/v20190429/"
"ssp245~r21i1p1f1~2",2021,2029,2021,2029,"gs://cmip6/CMIP6/ScenarioMIP/CCCma/CanESM5/ssp126/r25i1p1f1/Amon/tas/gn/v20190429/"
"ssp245~r21i1p1f1~2",2030,2038,2030,2038,"gs://cmip6/CMIP6/ScenarioMIP/CCCma/CanESM5/ssp245/r5i1p1f1/Amon/tas/gn/v20190429/"
"ssp245~r21i1p1f1~2",2039,2047,2039,2047,"gs://cmip6/CMIP6/ScenarioMIP/CCCma/CanESM5/ssp245/r9i1p1f1/Amon/tas/gn/v20190429/"
"ssp245~r21i1p1f1~2",2048,2056,2048,2056,"gs://cmip6/CMIP6/ScenarioMIP/CCCma/CanESM5/ssp245/r23i1p1f1/Amon/tas/gn/v20190429/"
"ssp245~r21i1p1f1~2",2057,2065,2057,2065,"gs://cmip6/CMIP6/ScenarioMIP/CCCma/CanESM5/ssp245/r18i1p1f1/Amon/tas/gn/v20190429/"
"ssp245~r21i1p1f1~2",2066,2074,2066,2074,"gs://cmip6/CMIP6/ScenarioMIP/CCCma/CanESM5/ssp245/r24i1p1f1/Amon/tas/gn/v20190429/"
"ssp245~r21i1p1f1~2",2075,2083,2075,2083,"gs://cmip6/CMIP6/ScenarioMIP/CCCma/CanESM5/ssp245/r9i1p1f1/Amon/tas/gn/v20190429/"
"ssp245~r21i1p1f1~2",2084,2092,2075,2083,"gs://cmip6/CMIP6/ScenarioMIP/CCCma/CanESM5/ssp245/r2i1p1f1/Amon/tas/gn/v20190429/"
"ssp245~r21i1p1f1~2",2093,2100,2093,2100,"gs://cmip6/CMIP6/ScenarioMIP/CCCma/CanESM5/ssp245/r21i1p1f1/Amon/tas/gn/v20190429/"
"ssp245~r7i1p1f1~1",1850,1858,1895,1903,"gs://cmip6/CMIP6/CMIP/CCCma/CanESM5/historical/r15i1p1f1/Amon/tas/gn/v20190429/"
"ssp245~r7i1p1f1~1",1859,1867,1868,1876,"gs://cmip6/CMIP6/CMIP/CCCma/CanESM5/historical/r1i1p1f1/Amon/tas/gn/v20190429/"
"ssp245~r7i1p1f1~1",1868,1876,1895,1903,"gs://cmip6/CMIP6/CMIP/CCCma/CanESM5/historical/r9i1p1f1/Amon/tas/gn/v20190429/"
"ssp245~r7i1p1f1~1",1877,1885,1895,1903,"gs://cmip6/CMIP6/CMIP/CCCma/CanESM5/historical/r20i1p1f1/Amon/tas/gn/v20190429/"
"ssp245~r7i1p1f1~1",1886,1894,1859,1867,"gs://cmip6/CMIP6/CMIP/CCCma/CanESM5/historical/r17i1p1f1/Amon/tas/gn/v20190429/"
"ssp245~r7i1p1f1~1",1895,1903,1895,1903,"gs://cmip6/CMIP6/CMIP/CCCma/CanESM5/historical/r6i1p1f1/Amon/tas/gn/v20190429/"
"ssp245~r7i1p1f1~1",1904,1912,1904,1912,"gs://cmip6/CMIP6/CMIP/CCCma/CanESM5/historical/r23i1p1f1/Amon/tas/gn/v20190429/"
"ssp245~r7i1p1f1~1",1913,1921,1922,1930,"gs://cmip6/CMIP6/CMIP/CCCma/CanESM5/historical/r5i1p1f1/Amon/tas/gn/v20190429/"
"ssp245~r7i1p1f1~1",1922,1930,1949,1957,"gs://cmip6/CMIP6/CMIP/CCCma/CanESM5/historical/r18i1p1f1/Amon/tas/gn/v20190429/"
"ssp245~r7i1p1f1~1",1931,1939,1967,1975,"gs://cmip6/CMIP6/CMIP/CCCma/CanESM5/historical/r13i1p1f1/Amon/tas/gn/v20190429/"
"ssp245~r7i1p1f1~1",1940,1948,1949,1957,"gs://cmip6/CMIP6/CMIP/CCCma/CanESM5/historical/r5i1p1f1/Amon/tas/gn/v20190429/"
"ssp245~r7i1p1f1~1",1949,1957,1967,1975,"gs://cmip6/CMIP6/CMIP/CCCma/CanESM5/historical/r3i1p1f1/Amon/tas/gn/v20190429/"
"ssp245~r7i1p1f1~1",1958,1966,1940,1948,"gs://cmip6/CMIP6/CMIP/CCCma/CanESM5/historical/r13i1p1f1/Amon/tas/gn/v20190429/"
"ssp245~r7i1p1f1~1",1967,1975,1940,1948,"gs://cmip6/CMIP6/CMIP/CCCma/CanESM5/historical/r6i1p1f1/Amon/tas/gn/v20190429/"
"ssp245~r7i1p1f1~1",1976,1984,1949,1957,"gs://cmip6/CMIP6/CMIP/CCCma/CanESM5/historical/r24i1p1f1/Amon/tas/gn/v20190429/"
"ssp245~r7i1p1f1~1",1985,1993,1985,1993,"gs://cmip6/CMIP6/CMIP/CCCma/CanESM5/historical/r4i1p1f1/Amon/tas/gn/v20190429/"
"ssp245~r7i1p1f1~1",1994,2002,1994,2002,"gs://cmip6/CMIP6/CMIP/CCCma/CanESM5/historical/r12i1p1f1/Amon/tas/gn/v20190429/"
"ssp245~r7i1p1f1~1",2003,2011,2003,2011,"gs://cmip6/CMIP6/CMIP/CCCma/CanESM5/historical/r9i1p1f1/Amon/tas/gn/v20190429/"
"ssp245~r7i1p1f1~1",2012,2014,2012,2014,"gs://cmip6/CMIP6/CMIP/CCCma/CanESM5/historical/r3i1p1f1/Amon/tas/gn/v20190429/"
"ssp245~r7i1p1f1~1",2015,2020,2015,2020,"gs://cmip6/CMIP6/ScenarioMIP/CCCma/CanESM5/ssp585/r3i1p1f1/Amon/tas/gn/v20190429/"
"ssp245~r7i1p1f1~1",2021,2029,2021,2029,"gs://cmip6/CMIP6/ScenarioMIP/CCCma/CanESM5/ssp119/r12i1p1f1/Amon/tas/gn/v20190429/"
"ssp245~r7i1p1f1~1",2030,2038,2030,2038,"gs://cmip6/CMIP6/ScenarioMIP/CCCma/CanESM5/ssp460/r4i1p1f1/Amon/tas/gn/v20190429/"
"ssp245~r7i1p1f1~1",2039,2047,2039,2047,"gs://cmip6/CMIP6/ScenarioMIP/CCCma/CanESM5/ssp434/r5i1p1f1/Amon/tas/gn/v20190429/"
"ssp245~r7i1p1f1~1",2048,2056,2048,2056,"gs://cmip6/CMIP6/ScenarioMIP/CCCma/CanESM5/ssp245/r7i1p1f1/Amon/tas/gn/v20190429/"
"ssp245~r7i1p1f1~1",2057,2065,2048,2056,"gs://cmip6/CMIP6/ScenarioMIP/CCCma/CanESM5/ssp460/r3i1p1f1/Amon/tas/gn/v20190429/"
"ssp245~r7i1p1f1~1",2066,2074,2066,2074,"gs://cmip6/CMIP6/ScenarioMIP/CCCma/CanESM5/ssp245/r22i1p1f1/Amon/tas/gn/v20190429/"
"ssp245~r7i1p1f1~1",2075,2083,2084,2092,"gs://cmip6/CMIP6/ScenarioMIP/CCCma/CanESM5/ssp245/r14i1p1f1/Amon/tas/gn/v20190429/"
"ssp245~r7i1p1f1~1",2084,2092,2084,2092,"gs://cmip6/CMIP6/ScenarioMIP/CCCma/CanESM5/ssp245/r13i1p1f1/Amon/tas/gn/v20190429/"
"ssp245~r7i1p1f1~1",2093,2100,2084,2091,"gs://cmip6/CMIP6/ScenarioMIP/CCCma/CanESM5/ssp245/r22i1p1f1/Amon/tas/gn/v20190429/"
